xdata ydata 
0.0 0.01527962386872038 
0.0005002501250625312 0.015288539883535937 
0.0010005002501250625 0.015306362200844647 
0.0015007503751875936 0.015333071378510255 
0.002001000500250125 0.01536863820991452 
0.0025012506253126563 0.015413023672744315 
0.003001500750375187 0.015466178862169694 
0.0035017508754377185 0.015528044909652946 
0.00400200100050025 0.01559855288891671 
0.004502251125562781 0.01567762371087876 
0.0050025012506253125 0.01576516800962149 
0.005502751375687844 0.01586108602171058 
0.006003001500750374 0.015965267461405398 
0.006503251625812906 0.01607759139450367 
0.007003501750875437 0.016197926113749275 
0.007503751875937968 0.016326129018886817 
0.0080040020010005 0.016462046504573943 
0.00850425212606303 0.01660551385947379 
0.009004502251125562 0.016756355179912058 
0.009504752376188093 0.016914383301539642 
0.010005002501250625 0.017079399752446957 
0.010505252626313155 0.01725119473116447 
0.011005502751375688 0.01742954711293494 
0.011505752876438218 0.017614224487564972 
0.012006003001500749 0.017804983232051316 
0.01250625312656328 0.018001568621043074 
0.013006503251625811 0.018203714978025316 
0.013506753376688344 0.018411145869915522 
0.014007003501750874 0.018623574347536486 
0.014507253626813406 0.018840703234175374 
0.015007503751875937 0.019062225464164383 
0.015507753876938469 0.01928782447311314 
0.016008004002001 0.01951717464110385 
0.01650825412706353 0.0197499417898163 
0.01700850425212606 0.019985783734192512 
0.017508754377188594 0.02022435088887383 
0.018009004502251125 0.02046528692926117 
0.018509254627313655 0.02070822950664797 
0.019009504752376186 0.02095281101647697 
0.01950975487743872 0.021198659418359633 
0.02001000500250125 0.021445399106091174 
0.02051025512756378 0.02169265182548426 
0.02101050525262631 0.021940037637440533 
0.02151075537768884 0.022187175923284105 
0.022011005502751375 0.022433686428991 
0.022511255627813906 0.02267919034457862 
0.023011505752876436 0.022923311414556117 
0.023511755877938967 0.023165677075001112 
0.024012006003001497 0.023405919612505467 
0.02451225612806403 0.023643677339935772 
0.02501250625312656 0.023878595783691337 
0.025512756378189092 0.02411032887688985 
0.026013006503251623 0.024338540152707887 
0.026513256628314157 0.024562903931919768 
0.027013506753376687 0.02478310649853192 
0.027513756878439218 0.024998847257301195 
0.028014007003501748 0.025209839866850305 
0.02851425712856428 0.025415813342057118 
0.029014507253626812 0.02561651311939909 
0.029514757378689343 0.025811702078972307 
0.030015007503751873 0.026001161516989425 
0.030515257628814404 0.026184692062678795 
0.031015507753876938 0.0263621145336714 
0.03151575787893947 0.02653327072415697 
0.032016008004002 0.026698024120335118 
0.03251625812906453 0.0268562605379596 
0.03301650825412706 0.02700788867708724 
0.03351675837918959 0.02715284058949332 
0.03401700850425212 0.02729107205459549 
0.03451725862931466 0.027422562860141334 
0.03501750875437719 0.027547316984359492 
0.03551775887943972 0.027665362676744694 
0.03601800900450225 0.02777675243514117 
0.03651825912956478 0.02788156287731083 
0.03701850925462731 0.02797989450570434 
0.03751875937968984 0.02807187136471434 
0.03801900950475237 0.02815764059025086 
0.0385192596298149 0.02823737185206295 
0.03901950975487744 0.028311256689810178 
0.03951975987993997 0.02837950774447771 
0.0400200100050025 0.028442357887319487 
0.04052026013006503 0.0285000592490935 
0.04102051025512756 0.028552882152935416 
0.04152076038019009 0.02860111395478183 
0.04202101050525262 0.028645057795807862 
0.04252126063031515 0.028685031271881156 
0.04302151075537768 0.028721365025547268 
0.04352176088044022 0.02875440126655428 
0.04402201100550275 0.028784492227387992 
0.04452226113056528 0.02881199856072085 
0.04502251125562781 0.028837287686083162 
0.04552276138069034 0.028860732093422964 
0.04602301150575287 0.028882707611553895 
0.0465232616308154 0.0289035916497727 
0.047023511755877934 0.028923761421170036 
0.047523761880940464 0.0289435921563614 
0.048024012006002995 0.028963455316510317 
0.04852426213106553 0.028983716814627275 
0.04902451225612806 0.029004735254178973 
0.04952476238119059 0.02902686019405006 
0.05002501250625312 0.02905043044885581 
0.050525262631315654 0.029075772433512774 
0.051025512756378184 0.029103198560823062 
0.051525762881440715 0.029133005700641514 
0.052026013006503245 0.02916547370894774 
0.052526263131565776 0.02920086403485037 
0.05302651325662831 0.02923941841321927 
0.053526763381690844 0.02928135765024693 
0.054027013506753374 0.029326880508822137 
0.054527263631815905 0.02937616270011857 
0.055027513756878435 0.02942935598729947 
0.055527763881940966 0.029486587406685368 
0.056028014007003496 0.02954795861115847 
0.056528264132066026 0.02961354533995645 
0.05702851425712856 0.029683397018375392 
0.057528764382191094 0.029757536490233168 
0.058029014507253625 0.029835959885259177 
0.058529264632316155 0.029918636622873696 
0.059029514757378686 0.030005509553102612 
0.059529764882441216 0.030096495234649034 
0.06003001500750375 0.03019148434940839 
0.06053026513256628 0.030290342251983206 
0.06103051525762881 0.03039290965202203 
0.06153076538269134 0.030499003426481906 
0.062031015507753876 0.030608417558204058 
0.0625312656328164 0.030720924196489658 
0.06303151575787894 0.03083627483468871 
0.06353176588294146 0.0309542015991548 
0.064032016008004 0.031074418643289442 
0.06453226613306653 0.031196623639803987 
0.06503251625812906 0.03132049936375716 
0.0655327663831916 0.03144571535840105 
0.06603301650825412 0.03157192967538079 
0.06653326663331666 0.031698790680389236 
0.06703351675837918 0.03182593891497741 
0.06753376688344172 0.03195300900487797 
0.06803401700850424 0.03207963160489399 
0.06853426713356678 0.03220543537016588 
0.06903451725862932 0.032330048943432575 
0.06953476738369184 0.0324531029477745 
0.07003501750875438 0.03257423197424081 
0.0705352676338169 0.032693076553748 
0.07103551775887944 0.03280928510267074 
0.07153576788394196 0.03292251583164563 
0.0720360180090045 0.0330324386072547 
0.07253626813406702 0.03313873675647494 
0.07303651825912956 0.0332411088040402 
0.0735367683841921 0.03333927013318574 
0.07403701850925462 0.033432954560626206 
0.07453726863431716 0.03352191581703465 
0.07503751875937968 0.03360592892477994 
0.07553776888444222 0.0336847914651954 
0.07603801900950474 0.03375832472822092 
0.07653826913456728 0.03382637473787798 
0.0770385192596298 0.03388881314767449 
0.07753876938469234 0.03394553800072998 
0.07803901950975488 0.03399647435011888 
0.0785392696348174 0.034041574735674436 
0.07903951975987994 0.03408081951426116 
0.07953976988494246 0.03411421704130383 
0.080040020010005 0.03414180370216721 
0.08054027013506752 0.034163643792780196 
0.08104052026013006 0.034179829249722904 
0.08154077038519258 0.03419047923080541 
0.08204102051025512 0.03419573954798437 
0.08254127063531766 0.03419578195526573 
0.08304152076038018 0.03419080329504283 
0.08354177088544272 0.034181024507088084 
0.08404202101050524 0.034166689505181 
0.08454227113556778 0.034148063927081064 
0.0850425212606303 0.03412543376426143 
0.08554277138569284 0.03409910387848351 
0.08604302151075537 0.03406939641292888 
0.0865432716358179 0.03403664910619502 
0.08704352176088044 0.0340012135180073 
0.08754377188594296 0.033963453176003106 
0.0880440220110055 0.033923741653391896 
0.08854427213606803 0.03388246058769466 
0.08904452226113056 0.03383999765110652 
0.08954477238619309 0.03379674448331449 
0.09004502251125562 0.03375309459782943 
0.09054527263631815 0.03370944127305421 
0.09104552276138068 0.03366617543942359 
0.09154577288644322 0.03362368357398543 
0.09204602301150575 0.033582345613785675 
0.09254627313656828 0.03354253289932858 
0.0930465232616308 0.033504606159249474 
0.09354677338669334 0.033468913547129324 
0.09404702351175587 0.033435788741118494 
0.0945472736368184 0.03340554911671363 
0.09504752376188093 0.03337849400265238 
0.09554777388694347 0.033354903029457164 
0.09604802401200599 0.03333503457966786 
0.09654827413706853 0.033319124348270786 
0.09704852426213106 0.03330738402124133 
0.09754877438719359 0.033300000079491576 
0.09804902451225612 0.03329713273484386 
0.09854927463731865 0.03329891500394298 
0.09904952476238119 0.033305451925282004 
0.09954977488744371 0.033316819923745127 
0.10005002501250625 0.03333306632628038 
0.10055027513756877 0.033354209031496135 
0.10105052526263131 0.0333802363351479 
0.10155077538769385 0.03341110691264243 
0.10205102551275637 0.033446749958828105 
0.1025512756378189 0.03348706548450272 
0.10305152576288143 0.033531924768209286 
0.10355177588794397 0.033581170961058775 
0.10405202601300649 0.033634619841482756 
0.10455227613806903 0.03369206071601084 
0.10505252626313155 0.0337532574613744 
0.10555277638819409 0.03381794970247148 
0.10605302651325663 0.03388585411999098 
0.10655327663831915 0.03395666588079326 
0.10705352676338169 0.03403006018347566 
0.10755377688844421 0.03410569391092969 
0.10805402701350675 0.03418320738111637 
0.10855427713856927 0.034262226186752794 
0.10905452726363181 0.03434236311412615 
0.10955477738869433 0.034423220130819665 
0.11005502751375687 0.03450439043176514 
0.11055527763881941 0.03458546053272314 
0.11105552776388193 0.03466601240003814 
0.11155577788894447 0.034745625605320525 
0.11205602801400699 0.034823879493576966 
0.11255627813906953 0.03490035535324392 
0.11305652826413205 0.03497463857656842 
0.11355677838919459 0.03504632079884354 
0.11405702851425711 0.03511500200511934 
0.11455727863931965 0.03518029259319882 
0.11505752876438219 0.035241815381962485 
0.11555777888944471 0.03529920755437689 
0.11605802901450725 0.035352122524892685 
0.11655827913956977 0.035400231721361725 
0.11705852926463231 0.03544322627206405 
0.11755877938969483 0.03548081858896098 
0.11805902951475737 0.035512743838855054 
0.1185592796398199 0.03553876129474896 
0.11905952976488243 0.035558655560350295 
0.11955977988994497 0.035572237661359495 
0.1200600300150075 0.03557934599789965 
0.12056028014007003 0.03557984715320527 
0.12106053026513255 0.03557363655446267 
0.12156078039019509 0.03556063898249592 
0.12206103051525762 0.0355408089278101 
0.12256128064032015 0.03551413079133104 
0.12306153076538268 0.03548061892901916 
0.12356178089044521 0.03544031754037207 
0.12406203101550775 0.03539330040167044 
0.12456228114057027 0.03533967044565121 
0.1250625312656328 0.03527955919011387 
0.12556278139069535 0.03521312601876875 
0.12606303151575787 0.0351405573184246 
0.1265632816408204 0.0350620654773687 
0.12706353176588292 0.034977887750531234 
0.12756378189094547 0.03488828499772193 
0.128064032016008 0.034793540301892675 
0.12856428214107052 0.03469395747500837 
0.12906453226613307 0.03458985945968296 
0.1295647823911956 0.03448158663528253 
0.13006503251625812 0.0343694950376784 
0.13056528264132064 0.034253954502272456 
0.1310655327663832 0.034135346740299076 
0.13156578289144572 0.0340140633587329 
0.13206603301650824 0.03389050383440647 
0.13256628314157076 0.03376507345314692 
0.1330665332666333 0.03363818122489892 
0.13356678339169584 0.03351023778588817 
0.13406703351675836 0.03338165329891491 
0.1345672836418209 0.03325283536283697 
0.13506753376688344 0.03312418694221126 
0.13556778389194596 0.03299610432791924 
0.13606803401700848 0.03286897513938998 
0.13656828414207103 0.03274317637877797 
0.13706853426713356 0.03261907254712865 
0.13756878439219608 0.03249701383219606 
0.13806903451725863 0.03237733437715828 
0.13856928464232116 0.032260350638996564 
0.13906953476738368 0.03214635984479742 
0.1395697848924462 0.032035638553672925 
0.14007003501750875 0.03192844133139668 
0.14057028514257128 0.03182499954422154 
0.1410705352676338 0.031725520277675084 
0.14157078539269632 0.031630185385439095 
0.14207103551775888 0.03153915067269705 
0.1425712856428214 0.0314525452175963 
0.14307153576788392 0.03137047083371595 
0.14357178589294647 0.03129300167566483 
0.144072036018009 0.031220183989159496 
0.14457228614307152 0.031152036006154835 
0.14507253626813404 0.031088547984821403 
0.1455727863931966 0.031029682393396193 
0.14607303651825912 0.030975374236167637 
0.14657328664332164 0.030925531519110917 
0.1470735367683842 0.030880035851958764 
0.14757378689344672 0.030838743182783748 
0.14807403701850924 0.030801484660488435 
0.14857428714357176 0.030768067619940793 
0.14907453726863432 0.03073827668387931 
0.14957478739369684 0.030711874975119128 
0.15007503751875936 0.030688605432051607 
0.1505752876438219 0.03066819221992098 
0.15107553776888444 0.030650342229901737 
0.15157578789394696 0.030634746657592592 
0.15207603801900949 0.03062108265216811 
0.15257628814407204 0.03060901502712414 
0.15307653826913456 0.03059819802328265 
0.15357678839419708 0.030588277114514825 
0.1540770385192596 0.030578890846484075 
0.15457728864432216 0.03056967269860557 
0.15507753876938468 0.030560252959371925 
0.1555777888944472 0.03055026060520066 
0.15607803901950976 0.030539325173015264 
0.15657828914457228 0.03052707861688585 
0.1570785392696348 0.030513157139220887 
0.15757878939469733 0.030497202987209926 
0.15807903951975988 0.030478866205488182 
0.1585792896448224 0.030457806336299506 
0.15907953976988493 0.030433694058791143 
0.15957978989494745 0.03040621275947329 
0.16008004002001 0.03037506002631462 
0.16058029014507252 0.03033994905941812 
0.16108054027013505 0.030300609991737497 
0.1615807903951976 0.030256791113829538 
0.16208104052026012 0.030208259997212706 
0.16258129064532265 0.03015480451149131 
0.16308154077038517 0.03009623373102466 
0.16358179089544772 0.030032378727546882 
0.16408204102051024 0.029963093245793552 
0.16458229114557277 0.029888254259844527 
0.16508254127063532 0.029807762408554213 
0.16558279139569784 0.02972154230910397 
0.16608304152076037 0.029629542748375117 
0.1665832916458229 0.029531736752495968 
0.16708354177088544 0.02942812153556573 
0.16758379189594796 0.029318718329194162 
0.1680840420210105 0.029203572095114493 
0.168584292146073 0.029082751123728157 
0.16908454227113556 0.028956346522018235 
0.1695847923961981 0.028824471594820596 
0.1700850425212606 0.028687261123965194 
0.17058529264632316 0.0285448705502949 
0.17108554277138568 0.02839747506402585 
0.1715857928964482 0.028245268609339888 
0.17208604302151073 0.02808846280948314 
0.17258629314657328 0.027927285818992516 
0.1730865432716358 0.027761981109976405 
0.17358679339669833 0.027592806199638973 
0.17408704352176088 0.02742003132645625 
0.1745872936468234 0.027243938082586898 
0.17508754377188593 0.02706481801023515 
0.17558779389694845 0.026882971169760555 
0.176088044022011 0.02669870468738047 
0.17658829414707353 0.026512331290299247 
0.17708854427213605 0.026324167837055358 
0.17758879439719857 0.02613453385078551 
0.17808904452226113 0.02594375006297216 
0.17858929464732365 0.02575213697506794 
0.17908954477238617 0.025560013445178675 
0.17958979489744872 0.025367695306735112 
0.18009004502251125 0.025175494025801114 
0.18059029514757377 0.024983715403344646 
0.1810905452726363 0.02479265832844992 
0.18159079539769885 0.02460261358807139 
0.18209104552276137 0.024413862738525936 
0.1825912956478239 0.02422667704349135 
0.18309154577288644 0.02404131648283538 
0.18359179589794897 0.0238580288361303 
0.1840920460230115 0.023677048844232967 
0.18459229614807401 0.023498597451818697 
0.18509254627313657 0.02332288113325658 
0.1855927963981991 0.02315009130371533 
0.1860930465232616 0.02298040381687634 
0.18659329664832414 0.022813978550132733 
0.1870935467733867 0.022650959077646474 
0.1875937968984492 0.022491472431147616 
0.18809404702351173 0.02233562894786993 
0.18859429714857429 0.02218352220455194 
0.1890945472736368 0.022035229035970414 
0.18959479739869933 0.02189080963604107 
0.19009504752376186 0.02175030773909643 
0.1905952976488244 0.02161375087856196 
0.19109554777388693 0.021481150719874623 
0.19159579789894945 0.021352503464145443 
0.19209604802401198 0.02122779031874826 
0.19259629814907453 0.021106978030734497 
0.19309654827413705 0.02099001947870701 
0.19359679839919958 0.020876854318570073 
0.19409704852426213 0.020767409678372116 
0.19459729864932465 0.02066160089730408 
0.19509754877438718 0.020559332303783748 
0.1955977988994497 0.020460498027468552 
0.19609804902451225 0.020364982839976644 
0.19659829914957477 0.020272663019074256 
0.1970985492746373 0.020183407231088954 
0.19759879939969985 0.020097077426353905 
0.19809904952476237 0.020013529742553937 
0.1985992996498249 0.019932615410946958 
0.19909954977488742 0.019854181660566406 
0.19959979989994997 0.01977807261566239 
0.2001000500250125 0.01970413018182646 
0.20060030015007502 0.019632194916454602 
0.20110055027513754 0.019562106879424255 
0.2016008004002001 0.019493706460121538 
0.20210105052526262 0.019426835177215246 
0.20260130065032514 0.01936133644786413 
0.2031015507753877 0.019297056323335896 
0.2036018009004502 0.019233844188333925 
0.20410205102551274 0.019171553421636414 
0.20460230115057526 0.019110042015987285 
0.2051025512756378 0.019049173155499907 
0.20560280140070034 0.01898881574917027 
0.20610305152576286 0.018928844919426112 
0.2066033016508254 0.018869142444963176 
0.20710355177588793 0.01880959715744733 
0.20760380190095046 0.018750105291971887 
0.20810405202601298 0.018690570791468516 
0.20860430215107553 0.018630905565562083 
0.20910455227613806 0.01857102970464049 
0.20960480240120058 0.018510871650180002 
0.2101050525262631 0.01845036832260851 
0.21060530265132565 0.01838946520822805 
0.21110555277638818 0.018328116406920066 
0.2116058029014507 0.018266284642554288 
0.21210605302651325 0.018203941238185584 
0.21260630315157578 0.01814106605827201 
0.2131065532766383 0.018077647420265717 
0.21360680340170082 0.01801368197803114 
0.21410705352676337 0.017949174579616367 
0.2146073036518259 0.017884138101956264 
0.21510755377688842 0.017818593265109196 
0.21560780390195097 0.017752568428637042 
0.2161080540270135 0.017686099372712163 
0.21660830415207602 0.017619229066495844 
0.21710855427713854 0.017552007426267138 
0.2176088044022011 0.017484491065693244 
0.21810905452726362 0.017416743040531247 
0.21860930465232614 0.017348832589923504 
0.21910955477738867 0.01728083487631097 
0.21960980490245122 0.01721283072583161 
0.22011005502751374 0.017144906370901977 
0.22061030515257626 0.01707715319649633 
0.22111055527763882 0.017009667491448208 
0.22161080540270134 0.016942550205897668 
0.22211105552776386 0.016875906715799395 
0.22261130565282639 0.01680984659519886 
0.22311155577788894 0.016744483396766034 
0.22361180590295146 0.016679934440867888 
0.22411205602801398 0.016616320613242242 
0.22461230615307654 0.016553766171133966 
0.22511255627813906 0.016492398557545612 
0.22561280640320158 0.01643234822306549 
0.2261130565282641 0.01637374845454505 
0.22661330665332666 0.016316735209727783 
0.22711355677838918 0.016261446956767203 
0.2276138069034517 0.016208024517426388 
0.22811405702851423 0.016156610912619804 
0.22861430715357678 0.016107351208844597 
0.2291145572786393 0.016060392363953138 
0.22961480740370183 0.016015883070644304 
0.23011505752876438 0.01597397359599061 
0.2306153076538269 0.0159348156152919 
0.23111555777888942 0.01589856203852619 
0.23161580790395195 0.015865366827680395 
0.2321160580290145 0.015835384803274826 
0.23261630815407702 0.01580877143844976 
0.23311655827913955 0.015785682639052362 
0.2336168084042021 0.01576627450826874 
0.23411705852926462 0.015750703094450244 
0.23461730865432714 0.015739124120934377 
0.23511755877938967 0.01573169269680931 
0.23561780890445222 0.015728563007747755 
0.23611805902951474 0.01572988798623145 
0.23661830915457727 0.015735818960692198 
0.2371185592796398 0.015746505283318012 
0.23761880940470234 0.015762093936510062 
0.23811905952976486 0.01578272911821516 
0.2386193096548274 0.015808551806617804 
0.23911955977988994 0.015839699304933234 
0.23961980990495246 0.015876304767306608 
0.240120060030015 0.015918496707093287 
0.2406203101550775 0.015966398489057076 
0.24112056028014006 0.016020127807296808 
0.24162081040520259 0.016079796150960442 
0.2421210605302651 0.016145508260072123 
0.24262131065532766 0.016217361574030968 
0.24312156078039018 0.016295445675583914 
0.2436218109054527 0.01637984173328611 
0.24412206103051523 0.016470621945675095 
0.24462231115557778 0.01656784899056499 
0.2451225612806403 0.01667157548303901 
0.24562281140570283 0.01678184344586282 
0.24612306153076535 0.01689868379616236 
0.2466233116558279 0.01702211585231159 
0.24712356178089043 0.017152146865043825 
0.24762381190595295 0.01728877157684467 
0.2481240620310155 0.017431971813702898 
0.24862431215607803 0.017581716113279983 
0.24912456228114055 0.017737959393512824 
0.24962481240620307 0.01790064266559378 
0.2501250625312656 0.0180696927951618 
0.25062531265632815 0.01824502231540446 
0.2511255627813907 0.018426529295599996 
0.2516258129064532 0.018614097268431783 
0.25212606303151575 0.018807595219178193 
0.2526263131565783 0.019006877639619012 
0.2531265632816408 0.019211784649221374 
0.25362681340670334 0.019422142185843816 
0.25412706353176584 0.01963776226786617 
0.2546273136568284 0.01985844332928668 
0.25512756378189094 0.020083970628940784 
0.25562781390695344 0.020314116734593466 
0.256128064032016 0.020548642082231217 
0.25662831415707854 0.02078729561044343 
0.25712856428214104 0.02102981546932642 
0.2576288144072036 0.021275929802886777 
0.25812906453226614 0.02152535760344778 
0.25862931465732864 0.021777809636085076 
0.2591295647823912 0.022032989430650275 
0.2596298149074537 0.022290594338456496 
0.26013006503251623 0.02255031665023635 
0.2606303151575788 0.022811844771517334 
0.2611305652826413 0.02307486445110698 
0.26163081540770383 0.023339060057945255 
0.2621310655327664 0.02360411590115627 
0.2626313156578289 0.02386971758773222 
0.26313156578289143 0.02413555341190677 
0.263631815907954 0.024401315769918244 
0.2641320660330165 0.024666702593541572 
0.26463231615807903 0.024931418795478846 
0.2651325662831415 0.02519517771943461 
0.2656328164082041 0.025457702587483623 
0.2661330665332666 0.025718727937154497 
0.2666333166583291 0.025978001040509565 
0.2671335667833917 0.026235283297397192 
0.2676338169084542 0.026490351595000988 
0.2681340670335167 0.026742999625790183 
0.26863431715857927 0.026993039156016488 
0.2691345672836418 0.027240301236973342 
0.2696348174087043 0.02748463735136982 
0.27013506753376687 0.027725920487337068 
0.2706353176588294 0.027964046132813027 
0.2711355677838919 0.028198933183313367 
0.27163581790895447 0.028430524756417316 
0.27213606803401696 0.02865878890664916 
0.2726363181590795 0.028883719234846398 
0.27313656828414207 0.029105335386546888 
0.27363681840920456 0.029323683434415198 
0.2741370685342671 0.029538836140254234 
0.27463731865932967 0.029750893092704848 
0.27513756878439216 0.02995998071734053 
0.2756378189094547 0.030166252156475296 
0.27613806903451726 0.03036988701666914 
0.27663831915957976 0.0305710909825851 
0.2771385692846423 0.030770095296551732 
0.2776388194097048 0.0309671561038995 
0.27813906953476736 0.031162553664870304 
0.2786393196598299 0.03135659143463347 
0.2791395697848924 0.03154959501368854 
0.27963981990995496 0.03174191097167516 
0.2801400700350175 0.03193390554835636 
0.28064032016008 0.032125963236270025 
0.28114057028514255 0.03231848525026917 
0.2816408204102051 0.032511887889875656 
0.2821410705352676 0.032706600801056834 
0.28264132066033015 0.032903065144698374 
0.28314157078539265 0.033101731679673126 
0.2836418209104552 0.03330305876901475 
0.28414207103551775 0.03350751031825559 
0.28464232116058025 0.033715553655522035 
0.2851425712856428 0.03392765736345133 
0.28564282141070535 0.034144289073430645 
0.28614307153576785 0.03436591323303283 
0.2866433216608304 0.03459298885786087 
0.28714357178589295 0.034825967279273916 
0.28764382191095544 0.035065289899687525 
0.288144072036018 0.035311385967292504 
0.28864432216108055 0.035564670382124075 
0.28914457228614304 0.0358255415454446 
0.2896448224112056 0.03609437926436148 
0.2901450725362681 0.03637154272350351 
0.29064532266133064 0.03665736853540509 
0.2911455727863932 0.036952168881019314 
0.2916458229114557 0.03725622975147647 
0.29214607303651824 0.037569809301846335 
0.2926463231615808 0.037893136327229515 
0.2931465732866433 0.038226408871018434 
0.29364682341170584 0.03856979297461979 
0.2941470735367684 0.038923421577319074 
0.2946473236618309 0.03928739357431267 
0.29514757378689344 0.039661773040213115 
0.29564782391195593 0.040046588624572645 
0.2961480740370185 0.040441833125162266 
0.29664832416208103 0.04084746324389084 
0.29714857428714353 0.041263399529363656 
0.2976488244122061 0.04168952650915554 
0.29814907453726863 0.0421256930139288 
0.29864932466233113 0.042571712694547605 
0.2991495747873937 0.04302736473235311 
0.29964982491245623 0.04349239474175431 
0.3001500750375187 0.043966515863277995 
0.3006503251625813 0.04444941004420453 
0.3011505752876438 0.04494072950289867 
0.3016508254127063 0.0454400983719419 
0.3021510755377689 0.045947114514178475 
0.30265132566283137 0.0464613515048141 
0.3031515757878939 0.0469823607717547 
0.3036518259129565 0.047509673885459416 
0.30415207603801897 0.04804280498868723 
0.3046523261630815 0.04858125335568698 
0.3051525762881441 0.04912450606956674 
0.30565282641320657 0.049672040805843067 
0.3061530765382691 0.05022332870946445 
0.30665332666333167 0.05077783735197891 
0.30715357678839417 0.051335033754934936 
0.3076538269134567 0.051894387465101666 
0.3081540770385192 0.0524553736666573 
0.30865432716358177 0.0530174763151331 
0.3091545772886443 0.05358019127760878 
0.3096548274137068 0.05414302946344527 
0.31015507753876936 0.05470551992971437 
0.3106553276638319 0.05526721294542896 
0.3111555777888944 0.05582768299871319 
0.31165582791395696 0.05638653173116625 
0.3121560780390195 0.05694339078387397 
0.312656328164082 0.05749792453979484 
0.31315657828914456 0.058049832747618955 
0.31365682841420706 0.05859885301263553 
0.3141570785392696 0.05914476314066574 
0.31465732866433216 0.059687383321720654 
0.31515757878939465 0.06022657814070969 
0.3156578289144572 0.06076225840327998 
0.31615807903951976 0.061294382765667246 
0.31665832916458225 0.06182295915832678 
0.3171585792896448 0.062348045994042645 
0.31765882941470736 0.06286975315221216 
0.31815907953976985 0.06338824273204394 
0.3186593296648324 0.06390372956849712 
0.3191595797898949 0.06441648150592899 
0.31965982991495745 0.06492681942557073 
0.32016008004002 0.0654351170241628 
0.3206603301650825 0.06594180034228662 
0.32116058029014505 0.06644734704217607 
0.3216608304152076 0.06695228543603063 
0.3221610805402701 0.06745719326711283 
0.32266133066533265 0.06796269624715225 
0.3231615807903952 0.06846946635482483 
0.3236618309154577 0.06897821990130164 
0.32416208104052024 0.0694897153700614 
0.32466233116558274 0.07000475103934217 
0.3251625812906453 0.07052416239674221 
0.32566283141570784 0.07104881935658942 
0.32616308154077034 0.07157962329174657 
0.3266633316658329 0.0721175038925248 
0.32716358179089544 0.07266341586632544 
0.32766383191595794 0.07321833549250523 
0.3281640820410205 0.07378325704778452 
0.32866433216608304 0.07435918911824933 
0.32916458229114554 0.07494715081467239 
0.3296648324162081 0.07554816790845637 
0.33016508254127064 0.07616326890601047 
0.33066533266633313 0.07679348107977789 
0.3311655827913957 0.0774398264744636 
0.3316658329164582 0.07810331790723897 
0.33216608304152073 0.07878495498084458 
0.3326663331665833 0.07948572012855477 
0.3331665832916458 0.08020657470991634 
0.33366683341670833 0.08094845517603397 
0.3341670835417709 0.08171226932293059 
0.3346673336668334 0.08249889265117566 
0.33516758379189593 0.08330916484955257 
0.3356678339169585 0.08414388642001366 
0.336168084042021 0.08500381546056568 
0.3366683341670835 0.08588966462203453 
0.337168584292146 0.08680209825388831 
0.3376688344172086 0.08774172975343249 
0.3381690845422711 0.0887091191317715 
0.3386693346673336 0.08970477080892199 
0.3391695847923962 0.09072913164940874 
0.3396698349174587 0.09178258924852903 
0.3401700850425212 0.09286547047831267 
0.34067033516758377 0.0939780403009526 
0.3411705852926463 0.0951205008562271 
0.3416708354177088 0.09629299082810848 
0.34217108554277137 0.09749558509442473 
0.34267133566783387 0.09872829466207332 
0.3431715857928964 0.09999106688890512 
0.34367183591795897 0.10128378599201436 
0.34417208604302146 0.10260627384077177 
0.344672336168084 0.10395829103155861 
0.34517258629314657 0.10533953823978387 
0.34567283641820906 0.10674965784340452 
0.3461730865432716 0.1081882358108564 
0.34667333666833416 0.1096548038449861 
0.34717358679339666 0.11114884177333033 
0.3476738369184592 0.11266978017387622 
0.34817408704352176 0.11421700322427206 
0.34867433716858426 0.11578985176135595 
0.3491745872936468 0.11738762653684033 
0.3496748374187093 0.11900959165400898 
0.35017508754377186 0.12065497816939832 
0.3506753376688344 0.12232298784261002 
0.3511755877938969 0.12401279701667434 
0.35167583791895946 0.12572356061073328 
0.352176088044022 0.12745441620625378 
0.3526763381690845 0.12920448820751934 
0.35317658829414705 0.13097289205677495 
0.3536768384192096 0.13275873848413694 
0.3541770885442721 0.134561137772185 
0.35467733866933465 0.1363792040151076 
0.35517758879439715 0.13821205935226855 
0.3556778389194597 0.14005883815620324 
0.35617808904452225 0.14191869115527725 
0.35667833916958475 0.14379078947154456 
0.3571785892946473 0.14567432855478385 
0.35767883941970985 0.14756853199417747 
0.35817908954477234 0.1494726551897195 
0.3586793396698349 0.15138598886611518 
0.35917958979489745 0.15330786241272062 
0.35967983991995994 0.1552376470339126 
0.3601800900450225 0.15717475869522352 
0.360680340170085 0.15911866085157428 
0.36118059029514754 0.16106886694499406 
0.3616808404202101 0.16302494266037143 
0.3621810905452726 0.16498650792893318 
0.36268134067033514 0.1669532386704105 
0.3631815907953977 0.16892486826610156 
0.3636818409204602 0.1709011887563664 
0.36418209104552274 0.17288205175742505 
0.3646823411705853 0.17486736909368863 
0.3651825912956478 0.17685711314323468 
0.36568284142071034 0.17885131689542308 
0.3661830915457729 0.18085007372103884 
0.3666833416708354 0.18285353685671543 
0.36718359179589793 0.1848619186067892 
0.36768384192096043 0.18687548926704803 
0.368184092046023 0.1888945757761973 
0.36868434217108553 0.19091956010212585 
0.36918459229614803 0.19295087737132594 
0.3696848424212106 0.19498901375101388 
0.37018509254627313 0.19703450409466036 
0.3706853426713356 0.19908792936273023 
0.3711855927963982 0.20114991383146605 
0.37168584292146073 0.20322112210352547 
0.3721860930465232 0.2053022559351581 
0.3726863431715858 0.20739405089545443 
0.3731865932966483 0.20949727287390482 
0.3736868434217108 0.21161271445319121 
0.3741870935467734 0.21374119116468648 
0.37468734367183587 0.21588353764461574 
0.3751875937968984 0.2180406037092354 
0.375687843921961 0.22021325036766748 
0.37618809404702347 0.22240234579124085 
0.376688344172086 0.22460876125829407 
0.37718859429714857 0.226833367093415 
0.37768884442221107 0.22907702862000734 
0.3781890945472736 0.2313406021449114 
0.3786893446723361 0.23362493099353843 
0.37918959479739867 0.2359308416136241 
0.3796898449224612 0.23825913976528304 
0.3801900950475237 0.24061060681449903 
0.38069034517258626 0.24298599614660332 
0.3811905952976488 0.24538602971560358 
0.3816908454227113 0.24781139474446431 
0.38219109554777386 0.25026274059062814 
0.3826913456728364 0.2527406757901686 
0.3831915957978989 0.2552457652930192 
0.38369184592296146 0.25777852790071887 
0.38419209604802396 0.2603394339170682 
0.3846923461730865 0.26292890302098243 
0.38519259629814906 0.2655473023697132 
0.38569284642321155 0.26819494493942414 
0.3861930965482741 0.2708720881089407 
0.38669334667333666 0.27357893249126325 
0.38719359679839915 0.2763156210162316 
0.3876938469234617 0.27908223826648954 
0.38819409704852426 0.28187881006767507 
0.38869434717358675 0.2847053033325417 
0.3891945972986493 0.2875616261575084 
0.38969484742371185 0.290447628168948 
0.39019509754877435 0.2933631011153465 
0.3906953476738369 0.2963077797003549 
0.3911955977988994 0.29928134265062256 
0.39169584792396195 0.30228341401127845 
0.3921960980490245 0.3053135646608813 
0.392696348174087 0.30837131403671897 
0.39319659829914955 0.31145613206042144 
0.3936968484242121 0.31456744125300656 
0.3941970985492746 0.3177046190276819 
0.39469734867433715 0.32086700014803343 
0.3951975987993997 0.324053879338548 
0.3956978489244622 0.3272645140338602 
0.39619809904952474 0.3304981272526074 
0.39669834917458724 0.3337539105813431 
0.3971985992996498 0.33703102725360656 
0.39769884942471234 0.3403286153089789 
0.39819909954977484 0.3436457908167579 
0.3986993496748374 0.34698165114876145 
0.39919959979989994 0.350335278285744 
0.39969984992496244 0.35370574214193023 
0.400200100050025 0.3570921038923069 
0.40070035017508754 0.36049341928748574 
0.40120060030015003 0.3639087419412178 
0.4017008504252126 0.36733712657598 
0.4022011005502751 0.3707776322124415 
0.40270135067533763 0.3742293252890938 
0.4032016008004002 0.37769128269884933 
0.4037018509254627 0.38116259472999575 
0.40420210105052523 0.3846423678995406 
0.4047023511755878 0.3881297276676613 
0.4052026013006503 0.39162382102270205 
0.40570285142571283 0.39512381892695725 
0.4062031015507754 0.3986289186142708 
0.4067033516758379 0.40213834573132484 
0.4072036018009004 0.4056513563153797 
0.407703851925963 0.40916723860209603 
0.4082041020510255 0.41268531465798963 
0.408704352176088 0.41620494183299256 
0.4092046023011505 0.4197255140295047 
0.4097048524262131 0.4232464627852739 
0.4102051025512756 0.4267672581683411 
0.4107053526763381 0.43028740948322197 
0.41120560280140067 0.43380646578839277 
0.4117058529264632 0.43732401622604383 
0.4122061030515257 0.44083969016591207 
0.41270635317658827 0.4443531571658684 
0.4132066033016508 0.4478641267527259 
0.4137068534267133 0.4513723480275162 
0.41420710355177587 0.45487760910022745 
0.41470735367683836 0.4583797363596918 
0.4152076038019009 0.46187859358496164 
0.41570785392696347 0.46537408090513327 
0.41620810405202596 0.46886613361513324 
0.4167083541770885 0.47235472085549396 
0.41720860430215106 0.4758398441646135 
0.41770885442721356 0.47932153591238386 
0.4182091045522761 0.48279985762444744 
0.41870935467733866 0.4862748982066234 
0.41920960480240116 0.4897467720792907 
0.4197098549274637 0.49321561723170493 
0.4202101050525262 0.4966815932063651 
0.42071035517758876 0.5001448790235978 
0.4212106053026513 0.5036056710565932 
0.4217108554277138 0.5070641808670531 
0.42221110555277636 0.5105206330115646 
0.4227113556778389 0.5139752628286779 
0.4232116058029014 0.5174283142164772 
0.42371185592796395 0.5208800374102277 
0.4242121060530265 0.5243306867694228 
0.424712356178089 0.5277805185832327 
0.42521260630315155 0.5312297889030373 
0.4257128564282141 0.5346787514103426 
0.4262131065532766 0.5381276553279771 
0.42671335667833915 0.5415767433820327 
0.42721360680340165 0.5450262498215572 
0.4277138569284642 0.5484763985025343 
0.42821410705352675 0.5519274010421853 
0.42871435717858924 0.5553794550491173 
0.4292146073036518 0.5588327424343358 
0.42971485742871435 0.562287427807599 
0.43021510755377684 0.5657436569630682 
0.4307153576788394 0.5692015554576726 
0.43121560780390195 0.5726612272851016 
0.43171585792896444 0.576122753647774 
0.432216108054027 0.579586191828665 
0.4327163581790895 0.5830515741643466 
0.43321660830415204 0.5865189071201123 
0.4337168584292146 0.5899881704675993 
0.4342171085542771 0.5934593165648577 
0.43471735867933964 0.5969322697384024 
0.4352176088044022 0.6004069257663639 
0.4357178589294647 0.6038831514614854 
0.43621810905452724 0.607360784352354 
0.4367183591795898 0.6108396324609361 
0.4372186093046523 0.6143194741741783 
0.43771885942971483 0.6178000582071763 
0.43821910955477733 0.6212811036551783 
0.4387193596798399 0.6247623001314766 
0.43921960980490243 0.6282433079880619 
0.43971985992996493 0.6317237586157826 
0.4402201100550275 0.6352032548206149 
0.44072036018009003 0.6386813712725693 
0.4412206103051525 0.642157655023709 
0.4417208604302151 0.6456316260916971 
0.44222111055527763 0.6491027781053109 
0.4427213606803401 0.6525705790083477 
0.4432216108054027 0.6560344718184162 
0.44372186093046523 0.6594938754371404 
0.4442221110555277 0.6629481855083925 
0.4447223611805903 0.6663967753212773 
0.44522261130565277 0.6698389967546726 
0.4457228614307153 0.6732741812602867 
0.4462231115557779 0.6767016408813046 
0.44672336168084037 0.6801206693038386 
0.4472236118059029 0.6835305429385595 
0.44772386193096547 0.6869305220300236 
0.44822411205602797 0.6903198517913578 
0.4487243621810905 0.6936977635621495 
0.44922461230615307 0.6970634759874864 
0.44972486243121557 0.7004161962162824 
0.4502251125562781 0.7037551211171347 
0.4507253626813406 0.7070794385100904 
0.45122561280640316 0.7103883284128337 
0.4517258629314657 0.7136809642998849 
0.4522261130565282 0.7169565143735102 
0.45272636318159076 0.7202141428451188 
0.4532266133066533 0.7234530112259773 
0.4537268634317158 0.7266722796261155 
0.45422711355677836 0.7298711080603203 
0.4547273636818409 0.7330486577601463 
0.4552276138069034 0.7362040924908102 
0.45572786393196596 0.7393365798718656 
0.45622811405702846 0.742445292700459 
0.456728364182091 0.7455294102759236 
0.45722861430715356 0.7485881197243837 
0.45772886443221605 0.7516206173219235 
0.4582291145572786 0.7546261098147851 
0.45872936468234116 0.7576038157348894 
0.45922961480740365 0.7605529667088647 
0.4597298649324662 0.7634728087585866 
0.46023011505752875 0.7663626035910663 
0.46073036518259125 0.7692216298753494 
0.4612306153076538 0.7720491845039065 
0.4617308654327163 0.7748445838357962 
0.46223111555777885 0.7776071649186984 
0.4627313656828414 0.7803362866867231 
0.4632316158079039 0.7830313311306951 
0.46373186593296645 0.7856917044374557 
0.464232116058029 0.7883168380945169 
0.4647323661830915 0.7909061899562527 
0.46523261630815405 0.7934592452676429 
0.4657328664332166 0.7959755176414515 
0.4662331165582791 0.798454549984583 
0.46673336668334164 0.8008959153692737 
0.4672336168084042 0.8032992178446594 
0.4677338669334667 0.8056640931842293 
0.46823411705852924 0.8079902095646144 
0.46873436718359174 0.810277268171171 
0.4692346173086543 0.8125250037258157 
0.46973486743371684 0.8147331849326448 
0.47023511755877934 0.8169016148369331 
0.4707353676838419 0.819030131093231 
0.47123561780890444 0.8211186061384371 
0.47173586793396693 0.823166947265889 
0.4722361180590295 0.8251750965967521 
0.47273636818409204 0.8271430309452433 
0.47323661830915453 0.8290707615744964 
0.4737368684342171 0.8309583338402337 
0.4742371185592796 0.8328058267197376 
0.47473736868434213 0.8346133522240421 
0.4752376188094047 0.8363810546916671 
0.4757378689344672 0.8381091099626795 
0.47623811905952973 0.8397977244323775 
0.4767383691845923 0.8414471339843766 
0.4772386193096548 0.8430576028034371 
0.47773886943471733 0.8446294220689328 
0.4782391195597799 0.8461629085304477 
0.4787393696848424 0.847658402967574 
0.4792396198099049 0.8491162685366266 
0.4797398699349674 0.8505368890075907 
0.48024012006003 0.8519206668952689 
0.4807403701850925 0.8532680214892212 
0.481240620310155 0.8545793867877491 
0.48174087043521757 0.8558552093417789 
0.4822411205602801 0.857095946015161 
0.4827413706853426 0.8583020616684819 
0.48324162081040517 0.8594740267741195 
0.4837418709354677 0.8606123149708225 
0.4842421210605302 0.8617174005666705 
0.48474237118559277 0.862789755999783 
0.4852426213106553 0.8638298492666604 
0.4857428714357178 0.8648381413284766 
0.48624312156078037 0.8658150835060866 
0.48674337168584286 0.8667611148748703 
0.4872436218109054 0.8676766596708733 
0.48774387193596797 0.8685621247199898 
0.48824412206103046 0.8694178969021518 
0.488744372186093 0.8702443406626642 
0.48924462231115556 0.8710417955829405 
0.48974487243621806 0.8718105740229433 
0.4902451225612806 0.8725509588476323 
0.49074537268634316 0.8732632012496394 
0.49124562281140566 0.873947518680253 
0.4917458729364682 0.8746040929006007 
0.4922461230615307 0.8752330681646272 
0.49274637318659326 0.8758345495451456 
0.4932466233116558 0.8764086014138192 
0.4937468734367183 0.8769552460854642 
0.49424712356178085 0.8774744626365298 
0.4947473736868434 0.8779661859070064 
0.4952476238119059 0.8784303056943381 
0.49574787393696845 0.8788666661472266 
0.496248124062031 0.8792750653663824 
0.4967483741870935 0.8796552552184848 
0.49724862431215605 0.8800069413687078 
0.49774887443721855 0.880329783536233 
0.4982491245622811 0.8806233959761943 
0.49874937468734365 0.8808873481904862 
0.49924962481240615 0.8811211658688061 
0.4997498749374687 0.8813243320602302 
0.5002501250625312 0.8814962885744979 
0.5007503751875938 0.8816364376110791 
0.5012506253126563 0.881744143612927 
0.5017508754377188 0.8818187353407074 
0.5022511255627814 0.8818595081621116 
0.5027513756878439 0.8818657265497367 
0.5032516258129064 0.8818366267798772 
0.503751875937969 0.8817714198234474 
0.5042521260630315 0.8816692944191679 
0.504752376188094 0.8815294203180665 
0.5052526263131566 0.8813509516873339 
0.5057528764382191 0.8811330306605677 
0.5062531265632816 0.880874791020495 
0.5067533766883441 0.8805753619993808 
0.5072536268134067 0.8802338721814945 
0.5077538769384692 0.8798494534912296 
0.5082541270635317 0.8794212452497888 
0.5087543771885943 0.8789483982826947 
0.5092546273136568 0.878430079059872 
0.5097548774387193 0.8778654738495515 
0.5102551275637819 0.8772537928668793 
0.5107553776888444 0.8765942743978259 
0.5112556278139069 0.8758861888787935 
0.5117558779389695 0.8751288429122043 
0.512256128064032 0.8743215831983595 
0.5127563781890945 0.8734638003639554 
0.5132566283141571 0.8725549326678087 
0.5137568784392196 0.8715944695646695 
0.5142571285642821 0.8705819551083681 
0.5147573786893447 0.8695169911760353 
0.5152576288144072 0.8683992404957401 
0.5157578789394697 0.8672284294605539 
0.5162581290645323 0.8660043507128496 
0.5167583791895948 0.8647268654834935 
0.5172586293146573 0.8633959056715852 
0.5177588794397199 0.862011475651393 
0.5182591295647824 0.8605736537943206 
0.5187593796898449 0.8590825936948875 
0.5192596298149074 0.8575385250910116 
0.51975987993997 0.8559417544702187 
0.5202601300650325 0.8542926653547773 
0.520760380190095 0.8525917182602447 
0.5212606303151576 0.8508394503233703 
0.5217608804402201 0.8490364745968656 
0.5222611305652826 0.8471834790101026 
0.5227613806903452 0.8452812249963975 
0.5232616308154077 0.8433305457891497 
0.5237618809404702 0.841332344390715 
0.5242621310655328 0.8392875912195131 
0.5247623811905953 0.8371973214424829 
0.5252626313156578 0.8350626320015765 
0.5257628814407204 0.8328846783445705 
0.5262631315657829 0.8306646708719938 
0.5267633816908454 0.8284038711134822 
0.527263631815908 0.826103587648281 
0.5277638819409705 0.823765171786066 
0.528264132066033 0.8213900130255128 
0.5287643821910956 0.8189795343093398 
0.5292646323161581 0.8165351870957179 
0.5297648824412206 0.8140584462670196 
0.530265132566283 0.8115508048978674 
0.5307653826913457 0.8090137689053912 
0.5312656328164082 0.806448851605322 
0.5317658829414706 0.8038575681983172 
0.5322661330665333 0.8012414302114126 
0.5327663831915957 0.7986019399200325 
0.5332666333166582 0.7959405847762465 
0.5337668834417209 0.793258831869242 
0.5342671335667833 0.7905581224440275 
0.5347673836918458 0.787839866504375 
0.5352676338169085 0.7851054375258093 
0.535767883941971 0.7823561673041953 
0.5362681340670334 0.7795933409650296 
0.536768384192096 0.7768181921579898 
0.5372686343171585 0.7740318984606432 
0.537768884442221 0.7712355770144038 
0.5382691345672836 0.7684302804148996 
0.5387693846923461 0.7656169928779111 
0.5392696348174086 0.7627966267008663 
0.5397698849424712 0.7599700190386292 
0.5402701350675337 0.757137929010983 
0.5407703851925962 0.7543010351577437 
0.5412706353176588 0.7514599332558874 
0.5417708854427213 0.7486151345114835 
0.5422711355677838 0.7457670641375034 
0.5427713856928463 0.7429160603268123 
0.5432716358179089 0.7400623736278423 
0.5437718859429714 0.7372061667285537 
0.5442721360680339 0.7343475146523911 
0.5447723861930965 0.7314864053679814 
0.545272636318159 0.7286227408123563 
0.5457728864432215 0.7257563383255251 
0.5462731365682841 0.7228869324921706 
0.5467733866933466 0.7200141773843491 
0.5472736368184091 0.7171376491970584 
0.5477738869434717 0.7142568492666033 
0.5482741370685342 0.7113712074598202 
0.5487743871935967 0.7084800859203555 
0.5492746373186593 0.7055827831563718 
0.5497748874437218 0.7026785384523649 
0.5502751375687843 0.6997665365860951 
0.5507753876938469 0.6968459128300465 
0.5512756378189094 0.6939157582153739 
0.5517758879439719 0.6909751250348881 
0.5522761380690345 0.6880230325603547 
0.552776388194097 0.6850584729482134 
0.5532766383191595 0.6820804173067853 
0.5537768884442221 0.6790878218970947 
0.5542771385692846 0.6760796344386554 
0.5547773886943471 0.6730548004909149 
0.5552776388194096 0.6700122698805046 
0.5557778889444722 0.6669510031441016 
0.5562781390695347 0.6638699779564665 
0.5567783891945972 0.6607681955131111 
0.5572786393196598 0.657644686837148 
0.5577788894447223 0.6544985189800698 
0.5582791395697848 0.6513288010865523 
0.5587793896948474 0.6481346902939035 
0.5592796398199099 0.6449153974374132 
0.5597798899449724 0.6416701925336668 
0.560280140070035 0.638398410014784 
0.5607803901950975 0.6350994536876654 
0.56128064032016 0.6317728013934756 
0.5617808904452226 0.6284180093439202 
0.5622811405702851 0.6250347161123625 
0.5627813906953476 0.6216226462593035 
0.5632816408204102 0.6181816135734625 
0.5637818909454727 0.614711523911435 
0.5642821410705352 0.6112123776207403 
0.5647823911955978 0.6076842715329926 
0.5652826413206603 0.6041274005159544 
0.5657828914457228 0.6005420585752443 
0.5662831415707853 0.5969286394986111 
0.5667833916958479 0.5932876370378277 
0.5672836418209104 0.5896196446254328 
0.5677838919459729 0.5859253546257539 
0.5682841420710355 0.5822055571218595 
0.568784392196098 0.5784611382422893 
0.5692846423211605 0.5746930780336246 
0.5697848924462231 0.5709024478871021 
0.5702851425712856 0.5670904075296742 
0.5707853926963481 0.5632582015919474 
0.5712856428214107 0.559407155767524 
0.5717858929464732 0.5555386725802354 
0.5722861430715357 0.5516542267776526 
0.5727863931965983 0.5477553603710812 
0.5732866433216608 0.5438436773439892 
0.5737868934467233 0.5399208380524295 
0.5742871435717859 0.5359885533425262 
0.5747873936968484 0.5320485784115245 
0.5752876438219109 0.5281027064401437 
0.5757878939469735 0.5241527620251274 
0.576288144072036 0.5202005944419168 
0.5767883941970985 0.5162480707681965 
0.5772886443221611 0.5122970688998125 
0.5777888944472236 0.5083494704911236 
0.5782891445722861 0.504407153852263 
0.5787893946973486 0.5004719868360409 
0.5792896448224112 0.49654581974735224 
0.5797898949474737 0.49263047830785067 
0.5802901450725362 0.488727756708514 
0.5807903951975988 0.48483941078227943 
0.5812906453226613 0.48096715132848117 
0.5817908954477238 0.47711263762009976 
0.5822911455727864 0.4732774711240358 
0.5827913956978489 0.46946318946365767 
0.5832916458229114 0.4656712606517492 
0.583791895947974 0.4619030776207612 
0.5842921460730365 0.4581599530758868 
0.584792396198099 0.45444311469500187 
0.5852926463231616 0.45075370069787585 
0.5857928964482241 0.44709275580538965 
0.5862931465732866 0.4434612276076314 
0.5867933966983492 0.43985996335786637 
0.5872936468234117 0.43628970720738436 
0.5877938969484742 0.43275109789417143 
0.5882941470735368 0.4292446668962195 
0.5887943971985993 0.4257708370581345 
0.5892946473236618 0.42232992169749023 
0.5897948974487243 0.41892212419510655 
0.5902951475737869 0.41554753807121525 
0.5907953976988494 0.41220614754716217 
0.5912956478239119 0.40889782859006457 
0.5917958979489745 0.40562235043554945 
0.592296148074037 0.4023793775815195 
0.5927963981990995 0.3991684722436581 
0.5932966483241621 0.3959890972612499 
0.5937968984492246 0.39284061943981385 
0.5942971485742871 0.3897223133150079 
0.5947973986993497 0.38663336532031145 
0.5952976488244122 0.3835728783391382 
0.5957978989494747 0.38053987662025907 
0.5962981490745373 0.37753331103373083 
0.5967983991995998 0.3745520646429892 
0.5972986493246623 0.3715949585673165 
0.5977988994497249 0.3686607581075586 
0.5982991495747874 0.3657481791068128 
0.5987993996998499 0.36285589451672756 
0.5992996498249125 0.3599825411391585 
0.599799899949975 0.3571267265121522 
0.6003001500750375 0.3542870359086227 
0.6008004002001001 0.35146203941559234 
0.6013006503251626 0.34865029906158435 
0.601800900450225 0.3458503759595705 
0.6023011505752875 0.34306083743286253 
0.6028014007003502 0.3402802640915156 
0.6033016508254126 0.33750725682706173 
0.6038019009504751 0.3347404436938845 
0.6043021510755378 0.33197848664609325 
0.6048024012006002 0.32922008809954945 
0.6053026513256627 0.3264639972895349 
0.6058029014507254 0.3237090163955767 
0.6063031515757878 0.3209540064061192 
0.6068034017008503 0.31819789269696175 
0.607303651825913 0.3154396702988028 
0.6078039019509754 0.3126784088307219 
0.6083041520760379 0.3099132570780351 
0.6088044022011005 0.3071434471946516 
0.609304652326163 0.3043682985118714 
0.6098049024512255 0.30158722093740153 
0.6103051525762881 0.2987997179303137 
0.6108054027013506 0.29600538903967194 
0.6113056528264131 0.2932039319965829 
0.6118059029514757 0.2903951443515178 
0.6123061530765382 0.2875789246508662 
0.6128064032016007 0.2847552731488191 
0.6133066533266633 0.2819242920528064 
0.6138069034517258 0.2790861853028773 
0.6143071535767883 0.2762412578875308 
0.6148074037018508 0.2733899147006106 
0.6153076538269134 0.270532658945968 
0.6158079039519759 0.2676700900986271 
0.6163081540770384 0.26480290143318397 
0.616808404202101 0.2619318771320832 
0.6173086543271635 0.2590578889883028 
0.617808904452226 0.2561818927187435 
0.6183091545772886 0.25330492390631654 
0.6188094047023511 0.25042809359036144 
0.6193096548274136 0.24755258352649803 
0.6198099049524762 0.24467964113844307 
0.6203101550775387 0.24181057418561158 
0.6208104052026012 0.23894674517150125 
0.6213106553276638 0.23608956551889138 
0.6218109054527263 0.2332404895388505 
0.6223111555777888 0.23040100822131643 
0.6228114057028514 0.22757264287568338 
0.6233116558279139 0.22475693865037805 
0.6238119059529764 0.22195545796078023 
0.624312156078039 0.2191697738551077 
0.6248124062031015 0.21640146334801688 
0.625312656328164 0.21365210075162855 
0.6258129064532265 0.21092325103355947 
0.6263131565782891 0.20821646323123438 
0.6268134067033516 0.20553326395134086 
0.6273136568284141 0.20287515098273853 
0.6278139069534767 0.20024358705045642 
0.6283141570785392 0.1976399937376163 
0.6288144072036017 0.19506574560121362 
0.6293146573286643 0.1925221645066419 
0.6298149074537268 0.1900105142047376 
0.6303151575787893 0.1875319951738848 
0.6308154077038519 0.1850877397483713 
0.6313156578289144 0.1826788075528174 
0.6318159079539769 0.1803061812609704 
0.6323161580790395 0.17797076269561274 
0.632816408204102 0.17567336928470623 
0.6333166583291645 0.17341473088720774 
0.6338169084542271 0.17119548700025877 
0.6343171585792896 0.16901618435769664 
0.6348174087043521 0.16687727492802437 
0.6353176588294147 0.16477911431815298 
0.6358179089544772 0.1627219605874148 
0.6363181590795397 0.1607059734744874 
0.6368184092046023 0.15873121403803925 
0.6373186593296648 0.1567976447101 
0.6378189094547273 0.154905129759333 
0.6383191595797898 0.15305343615963488 
0.6388194097048524 0.1512422348577396 
0.6393196598299149 0.14947110243181738 
0.6398199099549774 0.14773952313141672 
0.64032016008004 0.14604689128751422 
0.6408204102051025 0.14439251407992099 
0.641320660330165 0.14277561464785196 
0.6418209104552276 0.14119533552808863 
0.6423211605802901 0.1396507424038839 
0.6428214107053526 0.13814082814656675 
0.6433216608304152 0.13666451713067618 
0.6438219109554777 0.13522066980247266 
0.6443221610805402 0.1338080874807426 
0.6448224112056028 0.13242551736800626 
0.6453226613306653 0.13107165774955087 
0.6458229114557278 0.1297451633570922 
0.6463231615807904 0.1284446508734009 
0.6468234117058529 0.1271687045538299 
0.6473236618309154 0.12591588194043754 
0.647823911955978 0.12468471964420441 
0.6483241620810405 0.1234737391708309 
0.648824412206103 0.1222814527656312 
0.6493246623311655 0.12110636925320402 
0.6498249124562281 0.11994699984784918 
0.6503251625812906 0.118801863911038 
0.6508254127063531 0.11766949463273156 
0.6513256628314157 0.11654844461389216 
0.6518259129564782 0.11543729132819322 
0.6523261630815407 0.11433464244166096 
0.6528264132066033 0.11323914096981376 
0.6533266633316658 0.11214947025276174 
0.6538269134567283 0.11106435872968896 
0.6543271635817909 0.1099825844952 
0.6548274137068534 0.10890297962109469 
0.6553276638319159 0.10782443422830137 
0.6558279139569785 0.106745900294898 
0.656328164082041 0.10566639518740843 
0.6568284142071035 0.10458500490383957 
0.6573286643321661 0.10350088701824782 
0.6578289144572286 0.10241327331796954 
0.6583291645822911 0.1013214721260075 
0.6588294147073537 0.10022487030244288 
0.6593296648324162 0.09912293492012444 
0.6598299149574787 0.09801521461126751 
0.6603301650825413 0.09690134058296951 
0.6608304152076038 0.09578102730101416 
0.6613306653326663 0.09465407284268948 
0.6618309154577288 0.09352035892065343 
0.6623311655827914 0.09237985058119318 
0.6628314157078539 0.091232595581479 
0.6633316658329164 0.09007872345163788 
0.663831915957979 0.08891844424865326 
0.6643321660830415 0.08775204701023649 
0.664832416208104 0.08657989791790115 
0.6653326663331666 0.08540243817948538 
0.6658329164582291 0.08422018164236289 
0.6663331665832916 0.08303371214947664 
0.6668334167083542 0.08184368065117809 
0.6673336668334167 0.08065080208664635 
0.6678339169584792 0.07945585204936276 
0.6683341670835418 0.07825966325176625 
0.6688344172086043 0.07706312180478664 
0.6693346673336668 0.07586716332845696 
0.6698349174587294 0.07467276891022222 
0.6703351675837919 0.07348096092794015 
0.6708354177088544 0.07229279875482503 
0.671335667833917 0.07110937436381806 
0.6718359179589795 0.06993180784899897 
0.672336168084042 0.06876124288171587 
0.6728364182091046 0.06759884211911767 
0.673336668334167 0.06644578258270084 
0.6738369184592296 0.06530325102434287 
0.674337168584292 0.06417243929709951 
0.6748374187093547 0.06305453974777774 
0.6753376688344171 0.06195074064797441 
0.6758379189594796 0.06086222167989552 
0.6763381690845423 0.05979014949282736 
0.6768384192096047 0.0587356733456608 
0.6773386693346672 0.0576999208503259 
0.6778389194597298 0.056683993830413955 
0.6783391695847923 0.05568896430865748 
0.6788394197098548 0.05471587063626718 
0.6793396698349174 0.05376571377643071 
0.6798399199599799 0.05283945375356265 
0.6803401700850424 0.05193800627913706 
0.680840420210105 0.0510622395641413 
0.6813406703351675 0.05021297132741733 
0.68184092046023 0.049390966008311624 
0.6823411705852926 0.04859693219123791 
0.6828414207103551 0.0478315202489083 
0.6833416708354176 0.04709532021014161 
0.6838419209604802 0.04638885985728498 
0.6843421710855427 0.045712603057455566 
0.6848424212106052 0.04506694833092118 
0.6853426713356677 0.0444522276591094 
0.6858429214607303 0.04386870553387771 
0.6863431715857928 0.0433165782488467 
0.6868434217108553 0.0427959734327691 
0.6873436718359179 0.04230694982410733 
0.6878439219609804 0.041849497285194534 
0.6883441720860429 0.04142353705357639 
0.6888444222111055 0.041028922227395015 
0.689344672336168 0.04066543848092669 
0.6898449224612305 0.04033280500569608 
0.6903451725862931 0.04003067567190397 
0.6908454227113556 0.039758640404251484 
0.6913456728364181 0.03951622676563097 
0.6918459229614807 0.03930290174154583 
0.6923461730865432 0.03911807371757352 
0.6928464232116057 0.03896109464164545 
0.6933466733366683 0.03883126236242116 
0.6938469234617308 0.03872782313457263 
0.6943471735867933 0.03864997428135456 
0.6948474237118559 0.03859686700444548 
0.6953476738369184 0.038567609330676274 
0.6958479239619809 0.038561269184931114 
0.6963481740870435 0.038576877578214985 
0.696848424212106 0.03861343189961894 
0.6973486743371685 0.038669899300681876 
0.697848924462231 0.0387452201604673 
0.6983491745872936 0.03883831161950338 
0.6988494247123561 0.03894807117061917 
0.6993496748374186 0.03907338029461183 
0.6998499249624812 0.0392131081286316 
0.7003501750875437 0.03936611515514145 
0.7008504252126062 0.039531256899314235 
0.7013506753376688 0.039707387622783356 
0.7018509254627313 0.03989336400171892 
0.7023511755877938 0.040088048777321514 
0.7028514257128564 0.04029031436695188 
0.7033516758379189 0.04049904642427801 
0.7038519259629814 0.040713147337029465 
0.704352176088044 0.040931539651154814 
0.7048524262131065 0.04115316941044736 
0.705352676338169 0.0413770094009782 
0.7058529264632316 0.04160206228998663 
0.7063531765882941 0.04182736364920651 
0.7068534267133566 0.04205198485298934 
0.7073536768384192 0.042275035841944635 
0.7078539269634817 0.042495667743255056 
0.7083541770885442 0.04271307533924702 
0.7088544272136067 0.04292649937626274 
0.7093546773386693 0.04313522870636209 
0.7098549274637318 0.043338602254883354 
0.7103551775887943 0.0435360108074284 
0.7108554277138569 0.04372689861036793 
0.7113556778389194 0.043910764779539604 
0.7118559279639819 0.044087164512393015 
0.7123561780890445 0.04425571009942352 
0.712856428214107 0.04441607173137386 
0.7133566783391695 0.04456797809928567 
0.7138569284642321 0.04471121678515154 
0.7143571785892946 0.04484563444155627 
0.7148574287143571 0.04497113675936774 
0.7153576788394197 0.04508768822321347 
0.7158579289644822 0.04519531165515621 
0.7163581790895447 0.04529408754767642 
0.7168584292146073 0.04538415318775311 
0.7173586793396698 0.04546570157453552 
0.7178589294647323 0.04553898013378628 
0.7183591795897949 0.04560428923297485 
0.7188594297148574 0.04566198050158359 
0.7193596798399199 0.04571245496187626 
0.7198599299649825 0.04575616097604997 
0.720360180090045 0.04579359201636014 
0.7208604302151075 0.04582528426545791 
0.72136068034017 0.04585181405482 
0.7218609304652326 0.04587379514976831 
0.7223611805902951 0.045891875890180504 
0.7228614307153576 0.04590673619657592 
0.7233616808404202 0.045919084451805085 
0.7238619309654827 0.04592965426911695 
0.7243621810905452 0.04593920115785919 
0.7248624312156078 0.045948499098552545 
0.7253626813406703 0.04595833703950424 
0.7258629314657328 0.045969515327525697 
0.7263631815907954 0.045982842085684275 
0.7268634317158579 0.04599912955133965 
0.7273636818409204 0.046019190387983765 
0.727863931965983 0.04604383398465092 
0.7283641820910455 0.04607386275684304 
0.728864432216108 0.04611006846305183 
0.7293646823411706 0.046153228551061846 
0.7298649324662331 0.04620410254824315 
0.7303651825912956 0.04626342851003916 
0.7308654327163582 0.04633191954078094 
0.7313656828414207 0.04641026040084833 
0.7318659329664832 0.04649910421400615 
0.7323661830915458 0.046599069288534974 
0.7328664332166083 0.04671073606546389 
0.7333666833416708 0.04683464420689081 
0.7338669334667333 0.046971289836964324 
0.7343671835917959 0.04712112294765298 
0.7348674337168584 0.04728454498092183 
0.7353676838419209 0.04746190659836356 
0.7358679339669835 0.047653505648735175 
0.736368184092046 0.04785958534317088 
0.7368684342171085 0.04808033264713161 
0.7373686843421711 0.04831587689740052 
0.7378689344672336 0.048566288651609 
0.7383691845922961 0.048831578776947514 
0.7388694347173587 0.04911169778381498 
0.7393696848424212 0.049406535409240324 
0.7398699349674837 0.049715920453946405 
0.7403701850925463 0.05003962087594572 
0.7408704352176088 0.050377344142532955 
0.7413706853426713 0.05072873784150212 
0.7418709354677339 0.05109339055136788 
0.7423711855927964 0.05147083296928463 
0.7428714357178589 0.051860539294288945 
0.7433716858429215 0.05226192886239497 
0.743871935967984 0.05267436802898876 
0.7443721860930465 0.05309717229287516 
0.744872436218109 0.05352960865527115 
0.7453726863431716 0.05397089820595675 
0.745872936468234 0.05442021892776493 
0.7463731865932965 0.05487670870956374 
0.7468734367183592 0.05533946855689155 
0.7473736868434216 0.05580756598845255 
0.7478739369684841 0.05628003860574078 
0.7483741870935467 0.05675589782220411 
0.7488744372186092 0.05723413273750337 
0.7493746873436717 0.0577137141416544 
0.7498749374687343 0.058193598633112194 
0.7503751875937968 0.058672732834187384 
0.7508754377188593 0.059150057686584094 
0.751375687843922 0.059624512809313905 
0.7518759379689844 0.06009504090077837 
0.7523761880940469 0.060560592166420825 
0.7528764382191095 0.06102012875303535 
0.753376688344172 0.06147262917058812 
0.7538769384692345 0.061917092682255294 
0.7543771885942971 0.062352543643314655 
0.7548774387193596 0.06277803576953762 
0.7553776888444221 0.06319265631584858 
0.7558779389694847 0.06359553014618365 
0.7563781890945472 0.06398582367578791 
0.7568784392196097 0.0643627486675247 
0.7573786893446722 0.06472556586424962 
0.7578789394697348 0.06507358843981693 
0.7583791895947973 0.06540618525192249 
0.7588794397198598 0.06572278388068285 
0.7593796898449224 0.06602287343764365 
0.7598799399699849 0.06630600713076062 
0.7603801900950474 0.06657180457185259 
0.76088044022011 0.06681995381401455 
0.7613806903451725 0.06705021310757736 
0.761880940470235 0.06726241236432323 
0.7623811905952976 0.06745645432088129 
0.7628814407203601 0.06763231539347368 
0.7633816908454226 0.0677900462174878 
0.7638819409704852 0.06792977186670646 
0.7643821910955477 0.0680516917483944 
0.7648824412206102 0.0681560791718841 
0.7653826913456728 0.06824328058972165 
0.7658829414707353 0.06831371451191535 
0.7663831915957978 0.0683678700952931 
0.7668834417208604 0.06840630541146211 
0.7673836918459229 0.06842964539834658 
0.7678839419709854 0.06843857950174564 
0.7683841920960479 0.0684338590148192 
0.7688844422211105 0.06841629412484196 
0.769384692346173 0.0683867506779707 
0.7698849424712355 0.06834614667415263 
0.7703851925962981 0.06829544850562042 
0.7708854427213606 0.06823566695370711 
0.7713856928464231 0.06816785295993634 
0.7718859429714857 0.06809309318851316 
0.7723861930965482 0.06801250539842188 
0.7728864432216107 0.0679272336443801 
0.7733866933466733 0.06783844332681348 
0.7738869434717358 0.06774731611190314 
0.7743871935967983 0.06765504474349998 
0.7748874437218609 0.06756282776939139 
0.7753876938469234 0.06747186420497392 
0.7758879439719859 0.06738334815786616 
0.7763881940970485 0.06729846343736086 
0.776888444222111 0.06721837817287925 
0.7773886943471735 0.06714423946575465 
0.7778889444722361 0.06707716809869152 
0.7783891945972986 0.06701825332719917 
0.7788894447223611 0.06696854777710354 
0.7793896948474237 0.06692906247194381 
0.7798899449724862 0.06690076201364877 
0.7803901950975487 0.06688455993937992 
0.7808904452226112 0.06688131427677241 
0.7813906953476738 0.06689182331908934 
0.7818909454727363 0.06691682164093762 
0.7823911955977988 0.06695697637425829 
0.7828914457228614 0.06701288376325379 
0.7833916958479239 0.06708506601576479 
0.7838919459729864 0.06717396846738964 
0.784392196098049 0.06727995707330778 
0.7848924462231115 0.06740331624138056 
0.785392696348174 0.06754424701863482 
0.7858929464732366 0.06770286564168486 
0.7863931965982991 0.06787920246006711 
0.7868934467233616 0.0680732012397912 
0.7873936968484242 0.06828471885274125 
0.7878939469734867 0.06851352535579876 
0.7883941970985492 0.0687593044618143 
0.7888944472236118 0.06902165440275908 
0.7893946973486743 0.06930008918358856 
0.7898949474737368 0.06959404022355228 
0.7903951975987994 0.06990285837986895 
0.7908954477238619 0.07022581634690955 
0.7913956978489244 0.07056211142225086 
0.791895947973987 0.07091086862923061 
0.7923961980990495 0.07127114418391978 
0.792896448224112 0.07164192929278698 
0.7933966983491745 0.0720221542657095 
0.7938969484742371 0.07241069292744777 
0.7943971985992996 0.07280636730924173 
0.7948974487243621 0.0732079526007642 
0.7953976988494247 0.07361418234138 
0.7958979489744872 0.07402375382842477 
0.7963981990995497 0.0744353337190919 
0.7968984492246123 0.07484756380150107 
0.7973986993496748 0.07525906690960572 
0.7978989494747373 0.07566845295578589 
0.7983991995997999 0.07607432505431042 
0.7988994497248624 0.07647528570826981 
0.7993996998499249 0.07686994303215629 
0.7998999499749875 0.07725691698195215 
0.80040020010005 0.07763484556441362 
0.8009004502251125 0.07800239099717915 
0.8014007003501751 0.07835824579142417 
0.8019009504752376 0.07870113872899286 
0.8024012006003001 0.07902984070628252 
0.8029014507253627 0.07934317041764893 
0.8034017008504252 0.0796399998516858 
0.8039019509754877 0.07991925957448745 
0.8044022011005502 0.0801799437748475 
0.8049024512256128 0.08042111504733448 
0.8054027013506753 0.0806419088902765 
0.8059029514757378 0.08084153789689777 
0.8064032016008004 0.08101929561916486 
0.8069034517258629 0.08117456008530766 
0.8074037018509254 0.08130679695350872 
0.807903951975988 0.08141556228583334 
0.8084042021010505 0.08150050492816437 
0.808904452226113 0.08156136848365442 
0.8094047023511756 0.08159799286902547 
0.8099049524762381 0.08161031544492384 
0.8104052026013006 0.0815983717134571 
0.8109054527263632 0.08156229557800883 
0.8114057028514257 0.08150231916240958 
0.8119059529764882 0.08141877218857083 
0.8124062031015508 0.08131208091370216 
0.8129064532266133 0.08118276663026686 
0.8134067033516758 0.08103144373385031 
0.8139069534767384 0.08085881736611589 
0.8144072036018009 0.08066568064201145 
0.8149074537268634 0.08045291147231289 
0.815407703851926 0.08022146899451048 
0.8159079539769885 0.07997238962686444 
0.816408204102051 0.07970678276225333 
0.8169084542271134 0.07942582612013713 
0.817408704352176 0.07913076077659162 
0.8179089544772385 0.07882288589390106 
0.818409204602301 0.07850355317266301 
0.8189094547273637 0.07817416105067886 
0.8194097048524261 0.07783614867415198 
0.8199099549774886 0.07749098966784476 
0.8204102051025512 0.07714018573181983 
0.8209104552276137 0.07678526009329141 
0.8214107053526762 0.07642775084285038 
0.8219109554777388 0.07606920418492709 
0.8224112056028013 0.07571116763284445 
0.8229114557278638 0.07535518317915056 
0.8234117058529264 0.07500278047209896 
0.8239119559779889 0.07465547002921633 
0.8244122061030514 0.07431473651879562 
0.824912456228114 0.07398203213991819 
0.8254127063531765 0.07365877013124462 
0.825912956478239 0.07334631843828525 
0.8264132066033016 0.07304599356821469 
0.8269134567283641 0.07275905466050703 
0.8274137068534266 0.07248669780074048 
0.8279139569784892 0.07223005060387515 
0.8284142071035517 0.0719901670921377 
0.8289144572286142 0.07176802289135116 
0.8294147073536767 0.07156451076814326 
0.8299149574787393 0.0713804365289688 
0.8304152076038018 0.07121651530026722 
0.8309154577288643 0.07107336820736973 
0.8314157078539269 0.07095151946800646 
0.8319159579789894 0.07085139391439124 
0.8324162081040519 0.07077331495593632 
0.8329164582291145 0.07071750299267751 
0.833416708354177 0.07068407428744772 
0.8339169584792395 0.07067304030276182 
0.8344172086043021 0.07068430750628989 
0.8349174587293646 0.07071767764665303 
0.8354177088544271 0.07077284849916309 
0.8359179589794897 0.07084941507897241 
0.8364182091045522 0.07094687131699717 
0.8369184592296147 0.07106461219185982 
0.8374187093546773 0.07120193630902127 
0.8379189594797398 0.07135804891623845 
0.8384192096048023 0.07153206534249364 
0.8389194597298649 0.07172301484560571 
0.8394197098549274 0.07192984485186821 
0.8399199599799899 0.07215142556927176 
0.8404202101050524 0.0723865549541488 
0.840920460230115 0.07263396400947285 
0.8414207103551775 0.07289232239151577 
0.84192096048024 0.07316024430015898 
0.8424212106053026 0.07343629462684001 
0.8429214607303651 0.0737189953329519 
0.8434217108554276 0.07400683203042725 
0.8439219609804902 0.07429826073532715 
0.8444222111055527 0.07459171476443771 
0.8449224612306152 0.07488561174422023 
0.8454227113556778 0.07517836070094187 
0.8459229614807403 0.07546836920040922 
0.8464232116058028 0.07575405050550879 
0.8469234617308654 0.07603383071964852 
0.8474237118559279 0.07630615588424056 
0.8479239619809904 0.07656949899856749 
0.848424212106053 0.07682236693070058 
0.8489244622311155 0.07706330718861647 
0.849424712356178 0.07729091452127768 
0.8499249624812406 0.07750383732019327 
0.8504252126063031 0.07770078379286384 
0.8509254627313656 0.07788052788051766 
0.8514257128564282 0.07804191489370314 
0.8519259629814907 0.07818386684054279 
0.8524262131065532 0.07830538742382484 
0.8529264632316157 0.07840556668459842 
0.8534267133566783 0.07848358527149697 
0.8539269634817408 0.07853871831669247 
0.8544272136068033 0.07857033890113757 
0.8549274637318659 0.0785779210935731 
0.8554277138569284 0.07856104254968878 
0.8559279639819909 0.0785193866597726 
0.8564282141070535 0.07845274423519578 
0.856928464232116 0.07836101472613832 
0.8574287143571785 0.07824420696502316 
0.8579289644822411 0.07810243943225681 
0.8584292146073036 0.07793594004297008 
0.8589294647323661 0.0777450454555924 
0.8594297148574287 0.07753019990519104 
0.8599299649824912 0.07729195356663335 
0.8604302151075537 0.07703096045467418 
0.8609304652326163 0.07674797587014182 
0.8614307153576788 0.07644385340337895 
0.8619309654827413 0.07611954150804283 
0.8624312156078039 0.07577607966026337 
0.8629314657328664 0.07541459411997052 
0.8634317158579289 0.07503629331293941 
0.8639319659829914 0.07464246285376876 
0.864432216108054 0.07423446023156036 
0.8649324662331165 0.07381370918154723 
0.865432716358179 0.07338169376726547 
0.8659329664832416 0.0729399521991275 
0.8664332166083041 0.07249007041638762 
0.8669334667333666 0.07203367546049819 
0.8674337168584292 0.07157242866875643 
0.8679339669834917 0.0711080187178936 
0.8684342171085542 0.07064215454789671 
0.8689344672336168 0.07017655819684178 
0.8694347173586793 0.0697129575778882 
0.8699349674837418 0.06925307922979738 
0.8704352176088044 0.06879864107243015 
0.8709354677338669 0.06835134519863464 
0.8714357178589294 0.06791287073373012 
0.871935967983992 0.06748486679348484 
0.8724362181090545 0.06706894557102487 
0.872936468234117 0.06666667558251642 
0.8734367183591796 0.0662795751007546 
0.8739369684842421 0.06590910580494279 
0.8744372186093046 0.06555666667399242 
0.8749374687343672 0.06522358814958305 
0.8754377188594297 0.06491112659404216 
0.8759379689844922 0.06462045906680215 
0.8764382191095547 0.06435267844179757 
0.8769384692346173 0.06410878888667909 
0.8774387193596798 0.06388970172314137 
0.8779389694847423 0.06369623168601082 
0.8784392196098049 0.0635290935970098 
0.8789394697348674 0.06338889946732101 
0.8794397198599299 0.06327615604123592 
0.8799399699849925 0.06319126279126805 
0.880440220110055 0.06313451037317137 
0.8809404702351175 0.06310607954735878 
0.8814407203601801 0.06310604057119684 
0.8819409704852426 0.06313435306466998 
0.882441220610305 0.06319086634989164 
0.8829414707353677 0.06327532026292741 
0.8834417208604302 0.06338734643440745 
0.8839419709854927 0.06352647003342414 
0.8844422211105553 0.06369211196727201 
0.8849424712356178 0.0638835915276591 
0.8854427213606803 0.06410012947217639 
0.8859429714857429 0.06434085152797395 
0.8864432216108054 0.0646047923028518 
0.8869434717358678 0.06489089958728 
0.8874437218609305 0.06519803902924484 
0.887943971985993 0.06552499916229142 
0.8884442221110554 0.06587049676566724 
0.8889444722361179 0.06623318253413436 
0.8894447223611806 0.06661164703373802 
0.889944972486243 0.06700442691867071 
0.8904452226113055 0.06741001138331729 
0.8909454727363681 0.06782684882261908 
0.8914457228614306 0.06825335367306734 
0.8919459729864931 0.06868791340592555 
0.8924462231115557 0.06912889564368188 
0.8929464732366182 0.0695746553702626 
0.8934467233616807 0.07002354220517702 
0.8939469734867433 0.0704739077115533 
0.8944472236118058 0.07092411270789474 
0.8949474737368683 0.0713725345534225 
0.8954477238619309 0.07181757437700594 
0.8959479739869934 0.07225766421993092 
0.8964482241120559 0.072691274063156 
0.8969484742371185 0.07311691871019194 
0.897448724362181 0.0735331644973492 
0.8979489744872435 0.07393863580383911 
0.8984492246123061 0.07433202133502896 
0.8989494747373686 0.07471208015309865 
0.8994497248624311 0.07507764743038359 
0.8999499749874936 0.07542763990181518 
0.9004502251125562 0.07576106099410125 
0.9009504752376187 0.07607700561058768 
0.9014507253626812 0.07637466455214044 
0.9019509754877438 0.07665332855583422 
0.9024512256128063 0.07691239193477933 
0.9029514757378688 0.077151355803989 
0.9034517258629314 0.07736983087884318 
0.9039519759879939 0.07756753983439664 
0.9044522261130564 0.07774431921549678 
0.904952476238119 0.07790012088945891 
0.9054527263631815 0.07803501303482197 
0.905952976488244 0.0781491806615262 
0.9064532266133066 0.07824292565967178 
0.9069534767383691 0.07831666637584624 
0.9074537268634316 0.07837093671783739 
0.9079539769884942 0.07840638479034923 
0.9084542271135567 0.0784237710661564 
0.9089544772386192 0.07842396609889746 
0.9094547273636818 0.07840794778544952 
0.9099549774887443 0.07837679818755594 
0.9104552276138068 0.07833169992401796 
0.9109554777388694 0.07827393214640833 
0.9114557278639319 0.07820486611280743 
0.9119559779889944 0.07812596037557903 
0.9124562281140569 0.07803875560063606 
0.9129564782391195 0.0779448690370113 
0.913456728364182 0.07784598865685306 
0.9139569784892445 0.07774386698715792 
0.9144572286143071 0.07764031465570075 
0.9149574787393696 0.07753719367465545 
0.9154577288644321 0.07743641048634235 
0.9159579789894947 0.07733990879641156 
0.9164582291145572 0.07724966222051295 
0.9169584792396197 0.0771676667711805 
0.9174587293646823 0.07709593321220348 
0.9179589794897448 0.07703647930822986 
0.9184592296148073 0.07699132199768978 
0.9189594797398699 0.07696246951738796 
0.9194597298649324 0.0769519135072507 
0.9199599799899949 0.07696162112376685 
0.9204602301150575 0.0769935271905928 
0.92096048024012 0.07704952641463216 
0.9214607303651825 0.07713146569563412 
0.9219609804902451 0.07724113655698944 
0.9224612306153076 0.07738026772494343 
0.9229614807403701 0.0775505178828784 
0.9234617308654326 0.07775346862667609 
0.9239619809904952 0.07799061764641729 
0.9244622311155577 0.07826337215885693 
0.9249624812406202 0.078573042614189 
0.9254627313656828 0.07892083669963255 
0.9259629814907453 0.07930785366129114 
0.9264632316158078 0.07973507896460108 
0.9269634817408704 0.08020337931248156 
0.9274637318659329 0.08071349803901419 
0.9279639819909954 0.0812660508951643 
0.928464232116058 0.08186152224166778 
0.9289644822411205 0.08250026166277546 
0.929464732366183 0.08318248101308318 
0.9299649824912456 0.08390825190815611 
0.9304652326163081 0.08467750366812196 
0.9309654827413706 0.08549002172183662 
0.9314657328664332 0.08634544647763899 
0.9319659829914957 0.0872432726651079 
0.9324662331165582 0.08818284915062169 
0.9329664832416208 0.08916337922790371 
0.9334667333666833 0.09018392138311994 
0.9339669834917458 0.09124339053248923 
0.9344672336168084 0.0923405597287713 
0.9349674837418709 0.09347406233141288 
0.9354677338669334 0.09464239463358887 
0.9359679839919959 0.09584391893783241 
0.9364682341170585 0.09707686707047312 
0.936968484242121 0.09833934432362745 
0.9374687343671835 0.09962933381208663 
0.9379689844922461 0.10094470123107334 
0.9384692346173086 0.10228319999952559 
0.9389694847423711 0.10364247677230763 
0.9394697348674337 0.10502007730355187 
0.9399699849924962 0.10641345264218773 
0.9404702351175587 0.10781996563965907 
0.9409704852426213 0.10923689774882188 
0.9414707353676838 0.11066145609208863 
0.9419709854927463 0.11209078077603464 
0.9424712356178089 0.11352195242891348 
0.9429714857428714 0.11495199993682978 
0.9434717358679339 0.11637790835370321 
0.9439719859929965 0.11779662695964398 
0.944472236118059 0.1192050774419045 
0.9449724862431215 0.1206001621722213 
0.9454727363681841 0.12197877255410089 
0.9459729864932466 0.12333779741340087 
0.9464732366183091 0.12467413140549284 
0.9469734867433717 0.125984683412264 
0.9474737368684342 0.12726638490231085 
0.9479739869934967 0.12851619822784238 
0.9484742371185592 0.12973112483206134 
0.9489744872436218 0.13090821334114827 
0.9494747373686843 0.13204456751536864 
0.9499749874937468 0.13313735403436072 
0.9504752376188094 0.13418381009222227 
0.9509754877438719 0.13518125077868914 
0.9514757378689344 0.13612707622343465 
0.951975987993997 0.1370187784813306 
0.9524762381190595 0.13785394813739538 
0.952976488244122 0.13863028061108987 
0.9534767383691846 0.13934558214065498 
0.9539769884942471 0.1399977754292373 
0.9544772386193096 0.14058490493568968 
0.9549774887443722 0.14110514179411368 
0.9554777388694347 0.14155678834743743 
0.9559779889944972 0.141938282281604 
0.9564782391195598 0.1422482003482601 
0.9569784892446223 0.1424852616651832 
0.9574787393696848 0.14264833058507928 
0.9579789894947474 0.14273641912479096 
0.9584792396198099 0.14274868894838566 
0.9589794897448723 0.14268445289906273 
0.9594797398699348 0.14254317607626746 
0.9599799899949975 0.14232447645589072 
0.96048024012006 0.1420281250529035 
0.9609804902451224 0.14165404562726755 
0.961480740370185 0.14120231393541682 
0.9619809904952475 0.14067315653109388 
0.96248124062031 0.14006694912075693 
0.9629814907453726 0.13938421448020955 
0.9634817408704351 0.13862561994051337 
0.9639819909954976 0.1377919744526153 
0.9644822411205602 0.13688422524147265 
0.9649824912456227 0.1359034540617652 
0.9654827413706852 0.1348508730685467 
0.9659829914957478 0.13372782031741337 
0.9664832416208103 0.1325357549099329 
0.9669834917458728 0.13127625180121005 
0.9674837418709354 0.1299509962875075 
0.9679839919959979 0.12856177819286213 
0.9684842421210604 0.12711048577456657 
0.968984492246123 0.12559909936825406 
0.9694847423711855 0.12402968479414728 
0.969984992496248 0.12240438654674995 
0.9704852426213106 0.12072542079091883 
0.9709854927463731 0.11899506818784966 
0.9714857428714356 0.11721566657500584 
0.9719859929964981 0.11538960352444975 
0.9724862431215607 0.11351930880438052 
0.9729864932466232 0.11160724676894863 
0.9734867433716857 0.10965590870160244 
0.9739869934967483 0.10766780513730331 
0.9744872436218108 0.10564545818899396 
0.9749874937468733 0.10359139390359942 
0.9754877438719359 0.10150813467271202 
0.9759879939969984 0.09939819172286979 
0.9764882441220609 0.09726405771003102 
0.9769884942471235 0.09510819944242005 
0.977488744372186 0.09293305075549109 
0.9779889944972485 0.09074100556215582 
0.9784892446223111 0.08853441110081757 
0.9789894947473736 0.08631556140303691 
0.9794897448724361 0.0840866910018903 
0.9799899949974987 0.08184996890120412 
0.9804902451225612 0.07960749282499047 
0.9809904952476237 0.07736128376537421 
0.9814907453726863 0.07511328084629765 
0.9819909954977488 0.07286533651920327 
0.9824912456228113 0.07061921210571626 
0.9829914957478738 0.06837657370118183 
0.9834917458729364 0.06613898845166552 
0.9839919959979989 0.06390792121572328 
0.9844922461230614 0.06168473162095495 
0.984992496248124 0.059470671523983505 
0.9854927463731865 0.05726688288113316 
0.985992996498249 0.0550743960356671 
0.9864932466233116 0.05289412842602458 
0.9869934967483741 0.050726883718068536 
0.9874937468734366 0.04857335136289262 
0.9879939969984992 0.046434106580302115 
0.9884942471235617 0.04430961076661493 
0.9889944972486242 0.042200212324008606 
0.9894947473736868 0.04010614790716284 
0.9899949974987493 0.0380275440815813 
0.9904952476238118 0.03596441938652247 
0.9909954977488744 0.03391668679412408 
0.9914957478739369 0.03188415655495072 
0.9919959979989994 0.029866539418878454 
0.992496248124062 0.02786345021894516 
0.9929964982491245 0.02587441180458584 
0.993496748374187 0.023898859309452125 
0.9939969984992496 0.02193614473790421 
0.9944972486243121 0.019985541853162047 
0.9949974987493746 0.018046251349097826 
0.9954977488744371 0.016117406286657223 
0.9959979989994997 0.014198077775028111 
0.9964982491245622 0.01228728087682867 
0.9969984992496247 0.010383980715823898 
0.9974987493746873 0.00848709876499539 
0.9979989994997498 0.006595519292180132 
0.9984992496248123 0.0047080959399504645 
0.9989994997498749 0.002823658415957686 
0.9994997498749374 0.0009410192695781176 
1.0 0.0 
