xdata ydata 
0.0 0.008995593814200604 
0.0005002501250625312 0.008995593814267672 
0.0010005002501250625 0.008995593814402045 
0.0015007503751875936 0.008995593814603969 
0.002001000500250125 0.008995593814873658 
0.0025012506253126563 0.008995593815211653 
0.003001500750375187 0.008995593815618558 
0.0035017508754377185 0.008995593816095219 
0.00400200100050025 0.008995593816642281 
0.004502251125562781 0.008995593817260781 
0.0050025012506253125 0.008995593817952044 
0.005502751375687844 0.008995593818717 
0.006003001500750374 0.008995593819557297 
0.006503251625812906 0.008995593820474252 
0.007003501750875437 0.008995593821469474 
0.007503751875937968 0.00899559382254517 
0.0080040020010005 0.008995593823702915 
0.00850425212606303 0.00899559382494502 
0.009004502251125562 0.008995593826273638 
0.009504752376188093 0.008995593827691386 
0.010005002501250625 0.00899559382920085 
0.010505252626313155 0.008995593830804819 
0.011005502751375688 0.00899559383250618 
0.011505752876438218 0.00899559383430835 
0.012006003001500749 0.008995593836214642 
0.01250625312656328 0.008995593838228722 
0.013006503251625811 0.008995593840354366 
0.013506753376688344 0.00899559384259556 
0.014007003501750874 0.008995593844956814 
0.014507253626813406 0.008995593847442494 
0.015007503751875937 0.008995593850057491 
0.015507753876938469 0.008995593852806958 
0.016008004002001 0.00899559385569624 
0.01650825412706353 0.008995593858730885 
0.01700850425212606 0.008995593861917055 
0.017508754377188594 0.008995593865260776 
0.018009004502251125 0.00899559386876888 
0.018509254627313655 0.00899559387244829 
0.019009504752376186 0.008995593876306308 
0.01950975487743872 0.008995593880350643 
0.02001000500250125 0.008995593884589414 
0.02051025512756378 0.008995593889031173 
0.02101050525262631 0.008995593893684794 
0.02151075537768884 0.008995593898559692 
0.022011005502751375 0.00899559390366573 
0.022511255627813906 0.008995593909013328 
0.023011505752876436 0.00899559391461327 
0.023511755877938967 0.008995593920476856 
0.024012006003001497 0.008995593926616214 
0.02451225612806403 0.008995593933043717 
0.02501250625312656 0.008995593939772463 
0.025512756378189092 0.008995593946816333 
0.026013006503251623 0.008995593954189526 
0.026513256628314157 0.008995593961907303 
0.027013506753376687 0.008995593969985331 
0.027513756878439218 0.008995593978440169 
0.028014007003501748 0.008995593987289168 
0.02851425712856428 0.008995593996550288 
0.029014507253626812 0.008995594006242624 
0.029514757378689343 0.008995594016385784 
0.030015007503751873 0.008995594027000769 
0.030515257628814404 0.008995594038108996 
0.031015507753876938 0.008995594049733331 
0.03151575787893947 0.008995594061897337 
0.032016008004002 0.0089955940746258 
0.03251625812906453 0.008995594087944609 
0.03301650825412706 0.008995594101880925 
0.03351675837918959 0.008995594116462892 
0.03401700850425212 0.008995594131720153 
0.03451725862931466 0.008995594147683557 
0.03501750875437719 0.008995594164385308 
0.03551775887943972 0.008995594181859185 
0.03601800900450225 0.008995594200140154 
0.03651825912956478 0.008995594219265147 
0.03701850925462731 0.008995594239272448 
0.03751875937968984 0.008995594260202255 
0.03801900950475237 0.008995594282096116 
0.0385192596298149 0.008995594304997844 
0.03901950975487744 0.008995594328953093 
0.03951975987993997 0.00899559435400929 
0.0400200100050025 0.008995594380216135 
0.04052026013006503 0.008995594407625323 
0.04102051025512756 0.008995594436291013 
0.04152076038019009 0.008995594466269682 
0.04202101050525262 0.008995594497620094 
0.04252126063031515 0.008995594530403703 
0.04302151075537768 0.008995594564684456 
0.04352176088044022 0.008995594600529254 
0.04402201100550275 0.008995594638007896 
0.04452226113056528 0.008995594677192947 
0.04502251125562781 0.008995594718160343 
0.04552276138069034 0.008995594760989154 
0.04602301150575287 0.008995594805761727 
0.0465232616308154 0.008995594852564312 
0.047023511755877934 0.008995594901486242 
0.047523761880940464 0.00899559495262135 
0.048024012006002995 0.008995595006067 
0.04852426213106553 0.00899559506192471 
0.04902451225612806 0.008995595120300544 
0.04952476238119059 0.008995595181305108 
0.05002501250625312 0.008995595245053294 
0.050525262631315654 0.008995595311665253 
0.051025512756378184 0.008995595381266094 
0.051525762881440715 0.008995595453985998 
0.052026013006503245 0.008995595529961136 
0.052526263131565776 0.00899559560933275 
0.05302651325662831 0.00899559569224878 
0.053526763381690844 0.00899559577886267 
0.054027013506753374 0.00899559586933469 
0.054527263631815905 0.008995595963831706 
0.055027513756878435 0.008995596062527821 
0.055527763881940966 0.008995596165603904 
0.056028014007003496 0.008995596273248817 
0.056528264132066026 0.00899559638565924 
0.05702851425712856 0.008995596503039915 
0.057528764382191094 0.008995596625604075 
0.058029014507253625 0.00899559675357388 
0.058529264632316155 0.008995596887180777 
0.059029514757378686 0.008995597026665695 
0.059529764882441216 0.008995597172279546 
0.06003001500750375 0.008995597324283636 
0.06053026513256628 0.00899559748295002 
0.06103051525762881 0.008995597648562042 
0.06153076538269134 0.00899559782141463 
0.062031015507753876 0.00899559800181489 
0.0625312656328164 0.008995598190082504 
0.06303151575787894 0.008995598386550202 
0.06353176588294146 0.008995598591564569 
0.064032016008004 0.008995598805486019 
0.06453226613306653 0.00899559902868994 
0.06503251625812906 0.008995599261566919 
0.0655327663831916 0.008995599504523546 
0.06603301650825412 0.008995599757982746 
0.06653326663331666 0.00899560002238493 
0.06703351675837918 0.008995600298188024 
0.06753376688344172 0.008995600585868806 
0.06803401700850424 0.008995600885922998 
0.06853426713356678 0.008995601198866837 
0.06903451725862932 0.008995601525236901 
0.06953476738369184 0.008995601865591648 
0.07003501750875438 0.00899560222051191 
0.0705352676338169 0.008995602590601929 
0.07103551775887944 0.008995602976489983 
0.07153576788394196 0.008995603378829757 
0.0720360180090045 0.00899560379830088 
0.07253626813406702 0.00899560423561038 
0.07303651825912956 0.008995604691493301 
0.0735367683841921 0.008995605166713714 
0.07403701850925462 0.008995605662066699 
0.07453726863431716 0.008995606178378466 
0.07503751875937968 0.008995606716507865 
0.07553776888444222 0.008995607277348333 
0.07603801900950474 0.008995607861827891 
0.07653826913456728 0.008995608470911907 
0.0770385192596298 0.008995609105603328 
0.07753876938469234 0.008995609766944797 
0.07803901950975488 0.008995610456019926 
0.0785392696348174 0.008995611173954707 
0.07903951975987994 0.008995611921919555 
0.07953976988494246 0.008995612701130327 
0.080040020010005 0.008995613512850841 
0.08054027013506752 0.008995614358393886 
0.08104052026013006 0.008995615239123499 
0.08154077038519258 0.008995616156456748 
0.08204102051025512 0.008995617111866005 
0.08254127063531766 0.008995618106880416 
0.08304152076038018 0.008995619143088624 
0.08354177088544272 0.00899562022214051 
0.08404202101050524 0.008995621345749862 
0.08454227113556778 0.00899562251569647 
0.0850425212606303 0.008995623733828607 
0.08554277138569284 0.008995625002065764 
0.08604302151075537 0.008995626322400823 
0.0865432716358179 0.008995627696903449 
0.08704352176088044 0.008995629127722294 
0.08754377188594296 0.008995630617088163 
0.0880440220110055 0.008995632167316787 
0.08854427213606803 0.00899563378081266 
0.08904452226113056 0.008995635460071228 
0.08954477238619309 0.008995637207682912 
0.09004502251125562 0.008995639026336492 
0.09054527263631815 0.008995640918822396 
0.09104552276138068 0.008995642888036825 
0.09154577288644322 0.008995644936984857 
0.09204602301150575 0.008995647068785369 
0.09254627313656828 0.008995649286674411 
0.0930465232616308 0.008995651594009607 
0.09354677338669334 0.008995653994274594 
0.09404702351175587 0.008995656491083562 
0.0945472736368184 0.008995659088186071 
0.09504752376188093 0.008995661789471336 
0.09554777388694347 0.008995664598973994 
0.09604802401200599 0.00899566752087865 
0.09654827413706853 0.00899567055952571 
0.09704852426213106 0.008995673719416576 
0.09754877438719359 0.008995677005219367 
0.09804902451225612 0.008995680421775272 
0.09854927463731865 0.008995683974103991 
0.09904952476238119 0.008995687667410688 
0.09954977488744371 0.008995691507091964 
0.10005002501250625 0.008995695498743073 
0.10055027513756877 0.008995699648164816 
0.10105052526263131 0.008995703961370196 
0.10155077538769385 0.008995708444592779 
0.10205102551275637 0.008995713104293613 
0.1025512756378189 0.008995717947169628 
0.10305152576288143 0.008995722980161555 
0.10355177588794397 0.00899572821046271 
0.10405202601300649 0.008995733645527611 
0.10455227613806903 0.00899573929308085 
0.10505252626313155 0.008995745161126703 
0.10555277638819409 0.008995751257958805 
0.10605302651325663 0.008995757592169841 
0.10655327663831915 0.008995764172662023 
0.10705352676338169 0.008995771008657949 
0.10755377688844421 0.008995778109711063 
0.10805402701350675 0.008995785485717589 
0.10855427713856927 0.00899579314692763 
0.10905452726363181 0.00899580110395755 
0.10955477738869433 0.008995809367802553 
0.11005502751375687 0.008995817949849714 
0.11055527763881941 0.008995826861890328 
0.11105552776388193 0.008995836116134899 
0.11155577788894447 0.008995845725226425 
0.11205602801400699 0.00899585570225504 
0.11255627813906953 0.008995866060773825 
0.11305652826413205 0.00899587681481324 
0.11355677838919459 0.00899588797889809 
0.11405702851425711 0.008995899568063537 
0.11455727863931965 0.008995911597872639 
0.11505752876438219 0.00899592408443332 
0.11555777888944471 0.008995937044417182 
0.11605802901450725 0.008995950495077586 
0.11655827913956977 0.008995964454269766 
0.11705852926463231 0.0089959789404701 
0.11755877938969483 0.008995993972796816 
0.11805902951475737 0.008996009571031315 
0.1185592796398199 0.008996025755639988 
0.11905952976488243 0.008996042547796528 
0.11955977988994497 0.008996059969405494 
0.1200600300150075 0.008996078043126014 
0.12056028014007003 0.008996096792396296 
0.12106053026513255 0.008996116241459415 
0.12156078039019509 0.008996136415389367 
0.12206103051525762 0.008996157340118174 
0.12256128064032015 0.008996179042463547 
0.12306153076538268 0.00899620155015759 
0.12356178089044521 0.008996224891876507 
0.12406203101550775 0.00899624909727091 
0.12456228114057027 0.008996274196997275 
0.1250625312656328 0.008996300222750404 
0.12556278139069535 0.008996327207296302 
0.12606303151575787 0.008996355184506954 
0.1265632816408204 0.008996384189395324 
0.12706353176588292 0.008996414258151992 
0.12756378189094547 0.008996445428182483 
0.128064032016008 0.008996477738145485 
0.12856428214107052 0.008996511227993617 
0.12906453226613307 0.008996545939013242 
0.1295647823911956 0.00899658191386725 
0.13006503251625812 0.008996619196638184 
0.13056528264132064 0.008996657832872804 
0.1310655327663832 0.008996697869628438 
0.13156578289144572 0.008996739355519838 
0.13206603301650824 0.008996782340768207 
0.13256628314157076 0.008996826877250943 
0.1330665332666333 0.008996873018553817 
0.13356678339169584 0.008996920820023395 
0.13406703351675836 0.008996970338821915 
0.1345672836418209 0.00899702163398381 
0.13506753376688344 0.008997074766472778 
0.13556778389194596 0.008997129799242084 
0.13606803401700848 0.008997186797295057 
0.13656828414207103 0.008997245827748431 
0.13706853426713356 0.008997306959897155 
0.13756878439219608 0.00899737026528016 
0.13806903451725863 0.008997435817750147 
0.13856928464232116 0.0089975036935431 
0.13906953476738368 0.00899757397135075 
0.1395697848924462 0.008997646732395333 
0.14007003501750875 0.008997722060505678 
0.14057028514257128 0.008997800042196765 
0.1410705352676338 0.008997880766749731 
0.14157078539269632 0.008997964326295353 
0.14207103551775888 0.008998050815899666 
0.1425712856428214 0.008998140333651752 
0.14307153576788392 0.008998232980754079 
0.14357178589294647 0.008998328861615076 
0.144072036018009 0.008998428083944594 
0.14457228614307152 0.00899853075885236 
0.14507253626813404 0.008998637000947792 
0.1455727863931966 0.00899874692844424 
0.14607303651825912 0.008998860663264809 
0.14657328664332164 0.008998978331151547 
0.1470735367683842 0.008999100061777728 
0.14757378689344672 0.00899922598886275 
0.14807403701850924 0.008999356250291003 
0.14857428714357176 0.008999490988232516 
0.14907453726863432 0.00899963034926835 
0.14957478739369684 0.008999774484518481 
0.15007503751875936 0.008999923549773114 
0.1505752876438219 0.009000077705628261 
0.15107553776888444 0.009000237117623416 
0.15157578789394696 0.009000401956384966 
0.15207603801900949 0.009000572397771316 
0.15257628814407204 0.009000748623023438 
0.15307653826913456 0.009000930818918517 
0.15357678839419708 0.009001119177927674 
0.1540770385192596 0.009001313898378297 
0.15457728864432216 0.00900151518462027 
0.15507753876938468 0.009001723247196352 
0.1555777888944472 0.009001938303017622 
0.15607803901950976 0.009002160575542754 
0.15657828914457228 0.009002390294961972 
0.1570785392696348 0.009002627698386821 
0.15757878939469733 0.009002873030043077 
0.15807903951975988 0.009003126541470107 
0.1585792896448224 0.009003388491724629 
0.15907953976988493 0.009003659147589453 
0.15957978989494745 0.00900393878378787 
0.16008004002001 0.009004227683204075 
0.16058029014507252 0.009004526137107512 
0.16108054027013505 0.009004834445384642 
0.1615807903951976 0.009005152916775205 
0.16208104052026012 0.009005481869115475 
0.16258129064532265 0.009005821629586198 
0.16308154077038517 0.009006172534968585 
0.16358179089544772 0.009006534931904772 
0.16408204102051024 0.00900690917716608 
0.16458229114557277 0.009007295637926963 
0.16508254127063532 0.00900769469204643 
0.16558279139569784 0.009008106728355707 
0.16608304152076037 0.009008532146953619 
0.1665832916458229 0.009008971359508483 
0.16708354177088544 0.009009424789567629 
0.16758379189594796 0.009009892872874691 
0.1680840420210105 0.00901037605769411 
0.168584292146073 0.009010874805143647 
0.16908454227113556 0.009011389589534813 
0.1695847923961981 0.009011920898721701 
0.1700850425212606 0.009012469234457246 
0.17058529264632316 0.009013035112759554 
0.17108554277138568 0.009013619064285055 
0.1715857928964482 0.009014221634712008 
0.17208604302151073 0.00901484338513192 
0.17258629314657328 0.00901548489245094 
0.1730865432716358 0.009016146749800098 
0.17358679339669833 0.00901682956695529 
0.17408704352176088 0.009017533970767308 
0.1745872936468234 0.009018260605600764 
0.17508754377188593 0.009019010133785126 
0.17558779389694845 0.009019783236073697 
0.176088044022011 0.009020580612115098 
0.17658829414707353 0.00902140298093443 
0.17708854427213605 0.00902225108142559 
0.17758879439719857 0.009023125672855096 
0.17808904452226113 0.009024027535377002 
0.17858929464732365 0.009024957470559121 
0.17908954477238617 0.009025916301921903 
0.17958979489744872 0.00902690487548835 
0.18009004502251125 0.009027924060347055 
0.18059029514757377 0.009028974749227375 
0.1810905452726363 0.009030057859086815 
0.18159079539769885 0.009031174331712464 
0.18209104552276137 0.009032325134334798 
0.1825912956478239 0.009033511260254916 
0.18309154577288644 0.009034733729486258 
0.18359179589794897 0.009035993589409283 
0.1840920460230115 0.009037291915440662 
0.18459229614807401 0.00903862981171766 
0.18509254627313657 0.009040008411795291 
0.1855927963981991 0.009041428879361026 
0.1860930465232616 0.009042892408962321 
0.18659329664832414 0.009044400226751353 
0.1870935467733867 0.009045953591244034 
0.1875937968984492 0.009047553794096583 
0.18809404702351173 0.009049202160896781 
0.18859429714857429 0.009050900051973383 
0.1890945472736368 0.00905264886322077 
0.18959479739869933 0.009054450026942613 
0.19009504752376186 0.009056305012710486 
0.1905952976488244 0.009058215328242605 
0.19109554777388693 0.0090601825202992 
0.19159579789894945 0.00906220817559671 
0.19209604802401198 0.00906429392173946 
0.19259629814907453 0.009066441428172131 
0.19309654827413705 0.009068652407149986 
0.19359679839919958 0.009070928614728958 
0.19409704852426213 0.009073271851775174 
0.19459729864932465 0.009075683964995529 
0.19509754877438718 0.009078166847987615 
0.1955977988994497 0.009080722442311501 
0.19609804902451225 0.009083352738580741 
0.19659829914957477 0.009086059777577257 
0.1970985492746373 0.009088845651385562 
0.19759879939969985 0.00909171250455045 
0.19809904952476237 0.009094662535256731 
0.1985992996498249 0.009097697996530771 
0.19909954977488742 0.009100821197466469 
0.19959979989994997 0.00910403450447385 
0.2001000500250125 0.009107340342550115 
0.20060030015007502 0.00911074119657755 
0.20110055027513754 0.009114239612642764 
0.2016008004002001 0.009117838199382744 
0.20210105052526262 0.009121539629354391 
0.20260130065032514 0.009125346640430926 
0.2031015507753877 0.009129262037222334 
0.2036018009004502 0.00913328869252372 
0.20410205102551274 0.0091374295487879 
0.20460230115057526 0.009141687619627036 
0.2051025512756378 0.009146065991339276 
0.20560280140070034 0.00915056782446415 
0.20610305152576286 0.009155196355365698 
0.2066033016508254 0.009159954897842918 
0.20710355177588793 0.009164846844769458 
0.20760380190095046 0.009169875669761404 
0.20810405202601298 0.009175044928875463 
0.20860430215107553 0.009180358262335772 
0.20910455227613806 0.009185819396290233 
0.20960480240120058 0.009191432144598399 
0.2101050525262631 0.009197200410648459 
0.21060530265132565 0.009203128189206732 
0.21110555277638818 0.009209219568297164 
0.2116058029014507 0.009215478731112928 
0.21210605302651325 0.00922190995795998 
0.21260630315157578 0.009228517628233549 
0.2131065532766383 0.009235306222426114 
0.21360680340170082 0.009242280324169502 
0.21410705352676337 0.009249444622309679 
0.2146073036518259 0.009256803913015971 
0.21510755377688842 0.009264363101922964 
0.21560780390195097 0.009272127206308786 
0.2161080540270135 0.009280101357306251 
0.21660830415207602 0.009288290802150104 
0.21710855427713854 0.00929670090645945 
0.2176088044022011 0.00930533715655558 
0.21810905452726362 0.009314205161816342 
0.21860930465232614 0.009323310657066349 
0.21910955477738867 0.009332659505004127 
0.21960980490245122 0.009342257698665783 
0.22011005502751374 0.0093521113639275 
0.22061030515257626 0.009362226762043206 
0.22111055527763882 0.009372610292221754 
0.22161080540270134 0.009383268494242142 
0.22211105552776386 0.009394208051106547 
0.22261130565282639 0.009405435791732907 
0.22311155577788894 0.00941695869368543 
0.22361180590295146 0.009428783885945605 
0.22411205602801398 0.009440918651721723 
0.22461230615307654 0.009453370431299372 
0.22511255627813906 0.00946614682492993 
0.22561280640320158 0.009479255595762124 
0.2261130565282641 0.009492704672811538 
0.22661330665332666 0.00950650215397262 
0.22711355677838918 0.009520656309070721 
0.2276138069034517 0.009535175582955711 
0.22811405702851423 0.009550068598636878 
0.22861430715357678 0.009565344160459217 
0.2291145572786393 0.009581011257321748 
0.22961480740370183 0.009597079065938003 
0.23011505752876438 0.00961355695413742 
0.2306153076538269 0.009630454484210594 
0.23111555777888942 0.009647781416295659 
0.23161580790395195 0.009665547711808137 
0.2321160580290145 0.009683763536911963 
0.23261630815407702 0.009702439266035612 
0.23311655827913955 0.009721585485427916 
0.2336168084042021 0.009741212996760515 
0.23411705852926462 0.009761332820769743 
0.23461730865432714 0.00978195620094331 
0.23511755877938967 0.00980309460725078 
0.23561780890445222 0.009824759739915515 
0.23611805902951474 0.00984696353323028 
0.23661830915457727 0.009869718159417007 
0.2371185592796398 0.009893036032527556 
0.23761880940470234 0.009916929812390136 
0.23811905952976486 0.00994141240859645 
0.2386193096548274 0.009966496984533236 
0.23911955977988994 0.00999219696145571 
0.23961980990495246 0.010018526022604501 
0.240120060030015 0.010045498117365494 
0.2406203101550775 0.010073127465470351 
0.24112056028014006 0.010101428561242356 
0.24162081040520259 0.010130416177881242 
0.2421210605302651 0.0101601053717928 
0.24262131065532766 0.01019051148695811 
0.24312156078039018 0.010221650159345907 
0.2436218109054527 0.010253537321364976 
0.24412206103051523 0.010286189206358582 
0.24462231115557778 0.010319622353139091 
0.2451225612806403 0.010353853610562692 
0.24562281140570283 0.010388900142145172 
0.24612306153076535 0.010424779430715996 
0.2466233116558279 0.010461509283112708 
0.24712356178089043 0.01049910783491443 
0.24762381190595295 0.010537593555212563 
0.2481240620310155 0.01057698525142022 
0.24862431215607803 0.010617302074119721 
0.24912456228114055 0.010658563521945755 
0.24962481240620307 0.010700789446506178 
0.2501250625312656 0.010744000057337834 
0.25062531265632815 0.010788215926898216 
0.2511255627813907 0.01083345799559128 
0.2516258129064532 0.010879747576827583 
0.25212606303151575 0.010927106362118284 
0.2526263131565783 0.010975556426199736 
0.2531265632816408 0.01102512023219298 
0.25362681340670334 0.01107582063679174 
0.25412706353176584 0.011127680895481554 
0.2546273136568284 0.011180724667789466 
0.25512756378189094 0.011234976022560699 
0.25562781390695344 0.011290459443263914 
0.256128064032016 0.011347199833322955 
0.25662831415707854 0.011405222521475411 
0.25712856428214104 0.011464553267154133 
0.2576288144072036 0.011525218265894449 
0.25812906453226614 0.01158724415476376 
0.25862931465732864 0.011650658017811422 
0.2591295647823912 0.011715487391541306 
0.2596298149074537 0.011781760270402192 
0.26013006503251623 0.01184950511229736 
0.2606303151575788 0.01191875084411051 
0.2611305652826413 0.01198952686724761 
0.26163081540770383 0.012061863063193484 
0.2621310655327664 0.012135789799081215 
0.2626313156578289 0.01221133793327309 
0.26313156578289143 0.01228853882095204 
0.263631815907954 0.012367424319722459 
0.2641320660330165 0.012448026795216916 
0.26463231615807903 0.01253037912671043 
0.2651325662831415 0.012614514712737805 
0.2656328164082041 0.012700467476714283 
0.2661330665332666 0.012788271872556581 
0.2666333166583291 0.012877962890304061 
0.2671335667833917 0.012969576061736997 
0.2676338169084542 0.01306314746599057 
0.2681340670335167 0.013158713735163122 
0.26863431715857927 0.013256312059917112 
0.2691345672836418 0.01335598019506891 
0.2696348174087043 0.013457756465169043 
0.27013506753376687 0.013561679770066701 
0.2706353176588294 0.013667789590460657 
0.2711355677838919 0.013776125993430678 
0.27163581790895447 0.013886729637951055 
0.27213606803401696 0.013999641780380741 
0.2726363181590795 0.014114904279929784 
0.27313656828414207 0.014232559604100468 
0.27363681840920456 0.014352650834098722 
0.2741370685342671 0.014475221670215987 
0.27463731865932967 0.014600316437175388 
0.27513756878439216 0.014727980089446523 
0.2756378189094547 0.01485825821651825 
0.27613806903451726 0.014991197048132942 
0.27663831915957976 0.015126843459477818 
0.2771385692846423 0.015265244976330732 
0.2776388194097048 0.015406449780157035 
0.27813906953476736 0.015550506713156564 
0.2786393196598299 0.01569746528325696 
0.2791395697848924 0.015847375669051266 
0.27963981990995496 0.016000288724675172 
0.2801400700350175 0.016156255984624907 
0.28064032016008 0.016315329668508433 
0.28114057028514255 0.016477562685730248 
0.2816408204102051 0.016643008640106077 
0.2821410705352676 0.016811721834403718 
0.28264132066033015 0.016983757274807824 
0.28314157078539265 0.017159170675304716 
0.2836418209104552 0.017338018461986248 
0.28414207103551775 0.017520357777266845 
0.28464232116058025 0.017706246484011694 
0.2851425712856428 0.01789574316957409 
0.28564282141070535 0.018088907149737567 
0.28614307153576785 0.018285798472557548 
0.2866433216608304 0.018486477922104613 
0.28714357178589295 0.018691007022100012 
0.28764382191095544 0.018899448039443666 
0.288144072036018 0.01911186398763068 
0.28864432216108055 0.01932831863005205 
0.28914457228614304 0.019548876483177043 
0.2896448224112056 0.01977360281961249 
0.2901450725362681 0.02000256367103706 
0.29064532266133064 0.02023582583100576 
0.2911455727863932 0.020473456857621752 
0.2916458229114557 0.020715525076070402 
0.29214607303651824 0.02096209958101461 
0.2926463231615808 0.021213250238845398 
0.2931465732866433 0.021469047689783746 
0.29364682341170584 0.021729563349833197 
0.2941470735367684 0.021994869412574877 
0.2946473236618309 0.022265038850804997 
0.29514757378689344 0.022540145418009055 
0.29564782391195593 0.022820263649668805 
0.2961480740370185 0.023105468864399775 
0.29664832416208103 0.023395837164912992 
0.29714857428714353 0.02369144543879965 
0.2976488244122061 0.02399237135913261 
0.29814907453726863 0.02429869338488185 
0.29864932466233113 0.02461049076114041 
0.2991495747873937 0.02492784351915515 
0.29964982491245623 0.025250832476160497 
0.3001500750375187 0.025579539235009142 
0.3006503251625813 0.025914046183597567 
0.3011505752876438 0.026254436494080942 
0.3016508254127063 0.026600794121874164 
0.3021510755377689 0.026953203804434375 
0.30265132566283137 0.027311751059822618 
0.3031515757878939 0.027676522185036915 
0.3036518259129565 0.028047604254118987 
0.30415207603801897 0.02842508511602198 
0.3046523261630815 0.02880905339224489 
0.3051525762881441 0.029199598474220535 
0.30565282641320657 0.02959681052046122 
0.3061530765382691 0.0300007804534505 
0.30665332666333167 0.030411599956283 
0.30715357678839417 0.030829361469046336 
0.3076538269134567 0.03125415818493878 
0.3081540770385192 0.03168608404612307 
0.30865432716358177 0.0321252337393085 
0.3091545772886443 0.03257170269106121 
0.3096548274137068 0.03302558706283312 
0.31015507753876936 0.033486983745713024 
0.3106553276638319 0.033955990354889734 
0.3111555777888944 0.03443270522382655 
0.31165582791395696 0.034917227398142126 
0.3121560780390195 0.03540965662919583 
0.312656328164082 0.035910093367370506 
0.31315657828914456 0.036418638755052184 
0.31365682841420706 0.03693539461930132 
0.3141570785392696 0.03746046346421282 
0.31465732866433216 0.037993948462960704 
0.31515757878939465 0.038535953449522875 
0.3156578289144572 0.039086582910086765 
0.31615807903951976 0.039645941974125604 
0.31665832916458225 0.04021413640514865 
0.3171585792896448 0.04079127259111746 
0.31765882941470736 0.041377457534526936 
0.31815907953976985 0.0419727988421486 
0.3186593296648324 0.042577404714429105 
0.3191595797898949 0.04319138393454779 
0.31965982991495745 0.04381484585712187 
0.32016008004002 0.044447900396564224 
0.3206603301650825 0.04509065801508444 
0.32116058029014505 0.04574322971033533 
0.3216608304152076 0.04640572700269747 
0.3221610805402701 0.04707826192220468 
0.32266133066533265 0.047760946995101757 
0.3231615807903952 0.048453895230037014 
0.3236618309154577 0.04915722010388414 
0.32416208104052024 0.04987103554719207 
0.32466233116558274 0.05059545592926163 
0.3251625812906453 0.05133059604284411 
0.32566283141570784 0.05207657108846275 
0.32616308154077034 0.05283349665835361 
0.3266633316658329 0.05360148872002309 
0.32716358179089544 0.05438066359942339 
0.32766383191595794 0.055171137963740076 
0.3281640820410205 0.055973028803794476 
0.32866433216608304 0.05678645341605567 
0.32916458229114554 0.05761152938426419 
0.3296648324162081 0.05844837456066243 
0.33016508254127064 0.059297107046835884 
0.33066533266633313 0.06015784517415733 
0.3311655827913957 0.061030707483840436 
0.3316658329164582 0.061915812706596476 
0.33216608304152073 0.06281327974189552 
0.3326663331665833 0.06372322763683444 
0.3331665832916458 0.06464577556460453 
0.33366683341670833 0.06558104280256627 
0.3341670835417709 0.06652914870992645 
0.3346673336668334 0.06749021270501782 
0.33516758379189593 0.06846435424218428 
0.3356678339169585 0.06945169278826947 
0.336168084042021 0.07045234779871064 
0.3366683341670835 0.07146643869323552 
0.337168584292146 0.0724940848311699 
0.3376688344172086 0.07353540548634761 
0.3381690845422711 0.07459051982163217 
0.3386693346673336 0.07565954686304519 
0.3391695847923962 0.0767426054735085 
0.3396698349174587 0.07783981432619638 
0.3401700850425212 0.0789512918775044 
0.34067033516758377 0.08007715633963136 
0.3411705852926463 0.08121752565278273 
0.3416708354177088 0.08237251745699277 
0.34217108554277137 0.08354224906357009 
0.34267133566783387 0.08472683742616877 
0.3431715857928964 0.08592639911148753 
0.34367183591795897 0.08714105026960077 
0.34417208604302146 0.08837090660392312 
0.344672336168084 0.08961608334081204 
0.34517258629314657 0.09087669519881338 
0.34567283641820906 0.09215285635754704 
0.3461730865432716 0.093444680426247 
0.34667333666833416 0.09475228041195045 
0.34717358679339666 0.0960757686873441 
0.3476738369184592 0.0974152569582728 
0.34817408704352176 0.09877085623091558 
0.34867433716858426 0.10014267677862664 
0.3491745872936468 0.10153082810845934 
0.3496748374187093 0.10293541892736524 
0.35017508754377186 0.1043565571080827 
0.3506753376688344 0.10579434965471553 
0.3511755877938969 0.10724890266800924 
0.35167583791895946 0.10872032131033106 
0.352176088044022 0.11020870977035985 
0.3526763381690845 0.11171417122748989 
0.35317658829414705 0.11323680781595914 
0.3536768384192096 0.11477672058870643 
0.3541770885442721 0.11633400948096119 
0.35467733866933465 0.11790877327358155 
0.35517758879439715 0.11950110955613857 
0.3556778389194597 0.12111111468975895 
0.35617808904452225 0.12273888376973628 
0.35667833916958475 0.12438451058791035 
0.3571785892946473 0.12604808759483302 
0.35767883941970985 0.12772970586172036 
0.35817908954477234 0.12942945504220507 
0.3586793396698349 0.13114742333389334 
0.35917958979489745 0.1328836974397416 
0.35967983991995994 0.1346383625292521 
0.3601800900450225 0.1364115021995074 
0.360680340170085 0.13820319843604692 
0.36118059029514754 0.14001353157359447 
0.3616808404202101 0.14184258025665175 
0.3621810905452726 0.14369042139996133 
0.36268134067033514 0.14555713014885568 
0.3631815907953977 0.14744277983949752 
0.3636818409204602 0.1493474419590246 
0.36418209104552274 0.1512711861056087 
0.3646823411705853 0.1532140799484414 
0.3651825912956478 0.15517618918765422 
0.36568284142071034 0.1571575775141882 
0.3661830915457729 0.15915830656962338 
0.3666833416708354 0.16117843590597467 
0.36718359179589793 0.16321802294547808 
0.36768384192096043 0.16527712294036231 
0.368184092046023 0.16735578893263475 
0.36868434217108553 0.1694540717138808 
0.36918459229614803 0.17157201978509787 
0.3696848424212106 0.17370967931657086 
0.37018509254627313 0.17586709410780593 
0.3706853426713356 0.17804430554753234 
0.3711855927963982 0.18024135257378585 
0.37168584292146073 0.1824582716340916 
0.3721860930465232 0.18469509664574874 
0.3726863431715858 0.18695185895624591 
0.3731865932966483 0.18922858730380412 
0.3736868434217108 0.19152530777807436 
0.3741870935467734 0.19384204378099695 
0.37468734367183587 0.19617881598783674 
0.3751875937968984 0.19853564230841197 
0.375687843921961 0.20091253784852595 
0.37618809404702347 0.2033095148716196 
0.376688344172086 0.2057265827606556 
0.37718859429714857 0.20816374798025722 
0.37768884442221107 0.21062101403910047 
0.3781890945472736 0.21309838145259172 
0.3786893446723361 0.21559584770583493 
0.37918959479739867 0.2181134072169025 
0.3796898449224612 0.22065105130043525 
0.3801900950475237 0.2232087681315712 
0.38069034517258626 0.22578654271023182 
0.3811905952976488 0.22838435682577418 
0.3816908454227113 0.23100218902202158 
0.38219109554777386 0.23364001456269554 
0.3826913456728364 0.23629780539725842 
0.3831915957978989 0.23897553012718323 
0.38369184592296146 0.2416731539726673 
0.38419209604802396 0.24439063873980257 
0.3846923461730865 0.24712794278822073 
0.38519259629814906 0.24988502099922763 
0.38569284642321155 0.25266182474443816 
0.3861930965482741 0.2554583018549368 
0.38669334667333666 0.2582743965909662 
0.38719359679839915 0.26111004961217055 
0.3876938469234617 0.26396519794840284 
0.38819409704852426 0.2668397749711128 
0.38869434717358675 0.26973371036532967 
0.3891945972986493 0.27264693010225716 
0.38969484742371185 0.2755793564124974 
0.39019509754877435 0.27853090775990874 
0.3906953476738369 0.28150149881613 
0.3911955977988994 0.28449104043576684 
0.39169584792396195 0.28749943963226976 
0.3921960980490245 0.29052659955451393 
0.392696348174087 0.293572419464091 
0.39319659829914955 0.29663679471333465 
0.3936968484242121 0.2997196167240923 
0.3941970985492746 0.3028207729672509 
0.39469734867433715 0.305940146943044 
0.3951975987993997 0.3090776181621436 
0.3956978489244622 0.312233062127552 
0.39619809904952474 0.31540635031731584 
0.39669834917458724 0.3185973501680656 
0.3971985992996498 0.3218059250594015 
0.39769884942471234 0.3250319342991349 
0.39819909954977484 0.3282752331094028 
0.3986993496748374 0.3315356726136654 
0.39919959979989994 0.3348130998246007 
0.39969984992496244 0.3381073576329093 
0.400200100050025 0.34141828479704095 
0.40070035017508754 0.34474571593386 
0.40120060030015003 0.34808948151025115 
0.4017008504252126 0.3514494078356916 
0.4022011005502751 0.35482531705579257 
0.40270135067533763 0.3582170271468206 
0.4032016008004002 0.36162435191121794 
0.4037018509254627 0.3650471009741254 
0.40420210105052523 0.36848507978092077 
0.4047023511755878 0.37193808959578883 
0.4052026013006503 0.3754059275013243 
0.40570285142571283 0.3788883863991832 
0.4062031015507754 0.38238525501179527 
0.4067033516758379 0.3858963178851381 
0.4072036018009004 0.3894213553925901 
0.407703851925963 0.3929601437398728 
0.4082041020510255 0.3965124549710771 
0.408704352176088 0.4000780569758058 
0.4092046023011505 0.40365671349741156 
0.4097048524262131 0.4072481841423672 
0.4102051025512756 0.4108522243907529 
0.4107053526763381 0.41446858560787947 
0.41120560280140067 0.41809701505705055 
0.4117058529264632 0.42173725591347344 
0.4122061030515257 0.4253890472793179 
0.41270635317658827 0.4290521241999387 
0.4132066033016508 0.43272621768125635 
0.4137068534267133 0.43641105470831043 
0.41420710355177587 0.44010635826498284 
0.41470735367683836 0.443811847354903 
0.4152076038019009 0.44752723702353137 
0.41570785392696347 0.45125223838142603 
0.41620810405202596 0.45498655862870513 
0.4167083541770885 0.4587299010806908 
0.41720860430215106 0.46248196519475643 
0.41770885442721356 0.4662424465983589 
0.4182091045522761 0.470011037118276 
0.41870935467733866 0.47378742481104213 
0.41920960480240116 0.4775712939945736 
0.4197098549274637 0.4813623252810033 
0.4202101050525262 0.4851601956107116 
0.42071035517758876 0.48896457828755285 
0.4212106053026513 0.49277514301528613 
0.4217108554277138 0.4965915559351932 
0.42221110555277636 0.5004134796648972 
0.4227113556778389 0.5042405733383781 
0.4232116058029014 0.5080724926471684 
0.42371185592796395 0.511908889882736 
0.4242121060530265 0.5157494139800632 
0.424712356178089 0.5195937105623887 
0.42521260630315155 0.5234414219871326 
0.4257128564282141 0.5272921873929928 
0.4262131065532766 0.531145642748198 
0.42671335667833915 0.5350014208999311 
0.42721360680340165 0.5388591516248921 
0.4277138569284642 0.5427184616810163 
0.42821410705352675 0.5465789748603324 
0.42871435717858924 0.5504403120429395 
0.4292146073036518 0.5543020912521213 
0.42971485742871435 0.5581639277105684 
0.43021510755377684 0.5620254338977061 
0.4307153576788394 0.5658862196081187 
0.43121560780390195 0.569745892011065 
0.43171585792896444 0.5736040557110594 
0.432216108054027 0.5774603128095329 
0.4327163581790895 0.5813142629675361 
0.43321660830415204 0.5851655034694881 
0.4337168584292146 0.5890136292879622 
0.4342171085542771 0.5928582331494798 
0.43471735867933964 0.596698905601317 
0.4352176088044022 0.6005352350793005 
0.4357178589294647 0.604366807976576 
0.43621810905452724 0.6081932087133516 
0.4367183591795898 0.6120140198075777 
0.4372186093046523 0.6158288219465691 
0.43771885942971483 0.61963719405954 
0.43821910955477733 0.6234387133910451 
0.4387193596798399 0.6272329555753025 
0.43921960980490243 0.6310194947113871 
0.43971985992996493 0.6347979034392786 
0.4402201100550275 0.6385677530167357 
0.44072036018009003 0.642328613396995 
0.4412206103051525 0.6460800533072606 
0.4417208604302151 0.6498216403279751 
0.44222111055527763 0.6535529409728522 
0.4427213606803401 0.6572735207696434 
0.4432216108054027 0.6609829443416282 
0.44372186093046523 0.664680775489805 
0.4442221110555277 0.6683665772757571 
0.4447223611805903 0.6720399121051772 
0.44522261130565277 0.6757003418120324 
0.4457228614307153 0.6793474277433359 
0.4462231115557779 0.6829807308445184 
0.44672336168084037 0.6865998117453651 
0.4472236118059029 0.6902042308464998 
0.44772386193096547 0.693793548406399 
0.44822411205602797 0.6973673246288935 
0.4487243621810905 0.7009251197511641 
0.44922461230615307 0.7044664941321784 
0.44972486243121557 0.7079910083415577 
0.4502251125562781 0.7114982232488507 
0.4507253626813406 0.7149877001131912 
0.45122561280640316 0.7184590006732957 
0.4517258629314657 0.7219116872378082 
0.4522261130565282 0.7253453227759322 
0.45272636318159076 0.7287594710083547 
0.4532266133066533 0.7321536964984077 
0.4537268634317158 0.7355275647434681 
0.45422711355677836 0.7388806422665474 
0.4547273636818409 0.742212496708057 
0.4552276138069034 0.7455226969177233 
0.45572786393196596 0.7488108130466113 
0.45622811405702846 0.7520764166392507 
0.456728364182091 0.7553190807258161 
0.45722861430715356 0.7585383799143552 
0.45772886443221605 0.7617338904830123 
0.4582291145572786 0.7649051904722435 
0.45872936468234116 0.7680518597769861 
0.45922961480740365 0.7711734802387413 
0.4597298649324662 0.77426963573757 
0.46023011505752875 0.7773399122839486 
0.46073036518259125 0.780383898110467 
0.4612306153076538 0.7834011837633418 
0.4617308654327163 0.7863913621937143 
0.46223111555777885 0.7893540288487032 
0.4627313656828414 0.7922887817621862 
0.4632316158079039 0.7951952216452802 
0.46373186593296645 0.7980729519764953 
0.464232116058029 0.8009215790915306 
0.4647323661830915 0.8037407122726827 
0.46523261630815405 0.8065299638378431 
0.4657328664332166 0.8092889492290545 
0.4662331165582791 0.8120172871005916 
0.46673336668334164 0.8147145994065501 
0.4672336168084042 0.8173805114879051 
0.4677338669334667 0.8200146521590183 
0.46823411705852924 0.8226166537935584 
0.46873436718359174 0.8251861524098163 
0.4692346173086543 0.8277227877553803 
0.46973486743371684 0.8302262033911474 
0.47023511755877934 0.8326960467746376 
0.4707353676838419 0.835131969342597 
0.47123561780890444 0.8375336265928454 
0.47173586793396693 0.8399006781653564 
0.4722361180590295 0.8422327879225332 
0.47273636818409204 0.8445296240286598 
0.47323661830915453 0.8467908590284987 
0.4737368684342171 0.8490161699250098 
0.4742371185592796 0.851205238256164 
0.47473736868434213 0.8533577501708254 
0.4752376188094047 0.8554733965036813 
0.4757378689344672 0.8575518728491859 
0.47623811905952973 0.8595928796345047 
0.4767383691845923 0.861596122191425 
0.4772386193096548 0.8635613108272132 
0.47773886943471733 0.8654881608943946 
0.4782391195597799 0.8673763928594326 
0.4787393696848424 0.869225732370281 
0.4792396198099049 0.8710359103227906 
0.4797398699349674 0.8728066629259472 
0.48024012006003 0.8745377317659141 
0.4807403701850925 0.8762288638688623 
0.481240620310155 0.8778798117625685 
0.48174087043521757 0.8794903335367508 
0.4822411205602801 0.8810601929021348 
0.4827413706853426 0.882589159248215 
0.48324162081040517 0.8840770076997063 
0.4837418709354677 0.8855235191716563 
0.4842421210605302 0.8869284804232042 
0.48474237118559277 0.8882916841099595 
0.4852426213106553 0.8896129288350041 
0.4857428714357178 0.8908920191984667 
0.48624312156078037 0.8921287658456879 
0.48674337168584286 0.8933229855139309 
0.4872436218109054 0.89447450107764 
0.48774387193596797 0.8955831415922197 
0.48824412206103046 0.8966487423363318 
0.488744372186093 0.897671144852678 
0.48924462231115556 0.8986501969872718 
0.48974487243621806 0.8995857529271758 
0.4902451225612806 0.9004776732366957 
0.49074537268634316 0.9013258248920112 
0.49124562281140566 0.9021300813142433 
0.4917458729364682 0.9028903224009382 
0.4922461230615307 0.9036064345559568 
0.49274637318659326 0.9042783107177652 
0.4932466233116558 0.9049058503861103 
0.4937468734367183 0.905488959647073 
0.49424712356178085 0.9060275511964946 
0.4947473736868434 0.9065215443617605 
0.4952476238119059 0.9069708651219369 
0.49574787393696845 0.9073754461262611 
0.496248124062031 0.907735226710962 
0.4967483741870935 0.9080501529144238 
0.49724862431215605 0.9083201774906723 
0.49774887443721855 0.9085452599211884 
0.4982491245622811 0.9087253664250434 
0.49874937468734365 0.9088604699673453 
0.49924962481240615 0.9089505502660051 
0.4997498749374687 0.9089955937968094 
0.5002501250625312 0.908995593796805 
0.5007503751875938 0.9089505502659926 
0.5012506253126563 0.908860469967325 
0.5017508754377188 0.9087253664250144 
0.5022511255627814 0.908545259921152 
0.5027513756878439 0.9083201774906277 
0.5032516258129064 0.9080501529143714 
0.503751875937969 0.9077352267109026 
0.5042521260630315 0.9073754461261941 
0.504752376188094 0.9069708651218631 
0.5052526263131566 0.9065215443616802 
0.5057528764382191 0.9060275511964081 
0.5062531265632816 0.9054889596469802 
0.5067533766883441 0.9049058503860121 
0.5072536268134067 0.904278310717662 
0.5077538769384692 0.9036064345558491 
0.5082541270635317 0.9028903224008258 
0.5087543771885943 0.9021300813141274 
0.5092546273136568 0.9013258248918914 
0.5097548774387193 0.9004776732365735 
0.5102551275637819 0.8995857529270511 
0.5107553776888444 0.898650196987145 
0.5112556278139069 0.8976711448525497 
0.5117558779389695 0.8966487423362034 
0.512256128064032 0.895583141592091 
0.5127563781890945 0.8944745010775114 
0.5132566283141571 0.8933229855138034 
0.5137568784392196 0.8921287658455614 
0.5142571285642821 0.8908920191983418 
0.5147573786893447 0.8896129288348811 
0.5152576288144072 0.8882916841098396 
0.5157578789394697 0.8869284804230869 
0.5162581290645323 0.8855235191715439 
0.5167583791895948 0.8840770076995972 
0.5172586293146573 0.8825891592481107 
0.5177588794397199 0.8810601929020366 
0.5182591295647824 0.879490333536658 
0.5187593796898449 0.8778798117624813 
0.5192596298149074 0.8762288638687814 
0.51975987993997 0.8745377317658396 
0.5202601300650325 0.8728066629258796 
0.520760380190095 0.8710359103227302 
0.5212606303151576 0.8692257323702282 
0.5217608804402201 0.8673763928593871 
0.5222611305652826 0.8654881608943569 
0.5227613806903452 0.8635613108271837 
0.5232616308154077 0.8615961221914032 
0.5237618809404702 0.8595928796344912 
0.5242621310655328 0.8575518728491811 
0.5247623811905953 0.8554733965036843 
0.5252626313156578 0.8533577501708373 
0.5257628814407204 0.851205238256184 
0.5262631315657829 0.8490161699250376 
0.5267633816908454 0.8467908590285346 
0.527263631815908 0.8445296240287035 
0.5277638819409705 0.8422327879225842 
0.528264132066033 0.8399006781654155 
0.5287643821910956 0.8375336265929121 
0.5292646323161581 0.8351319693426704 
0.5297648824412206 0.8326960467747175 
0.530265132566283 0.8302262033912337 
0.5307653826913457 0.827722787755474 
0.5312656328164082 0.8251861524099146 
0.5317658829414706 0.8226166537936623 
0.5322661330665333 0.8200146521591272 
0.5327663831915957 0.817380511488018 
0.5332666333166582 0.8147145994066668 
0.5337668834417209 0.8120172871007124 
0.5342671335667833 0.8092889492291775 
0.5347673836918458 0.806529963837969 
0.5352676338169085 0.8037407122728106 
0.535767883941971 0.8009215790916595 
0.5362681340670334 0.7980729519766252 
0.536768384192096 0.795195221645411 
0.5372686343171585 0.7922887817623167 
0.537768884442221 0.7893540288488331 
0.5382691345672836 0.7863913621938434 
0.5387693846923461 0.783401183763468 
0.5392696348174086 0.7803838981105912 
0.5397698849424712 0.7773399122840707 
0.5402701350675337 0.7742696357376885 
0.5407703851925962 0.7711734802388557 
0.5412706353176588 0.7680518597770966 
0.5417708854427213 0.7649051904723497 
0.5422711355677838 0.761733890483113 
0.5427713856928463 0.7585383799144507 
0.5432716358179089 0.7553190807259066 
0.5437718859429714 0.7520764166393334 
0.5442721360680339 0.7488108130466882 
0.5447723861930965 0.7455226969177936 
0.545272636318159 0.7422124967081197 
0.5457728864432215 0.7388806422666024 
0.5462731365682841 0.7355275647435163 
0.5467733866933466 0.7321536964984474 
0.5472736368184091 0.7287594710083863 
0.5477738869434717 0.7253453227759565 
0.5482741370685342 0.7219116872378228 
0.5487743871935967 0.7184590006733027 
0.5492746373186593 0.7149877001131897 
0.5497748874437218 0.7114982232488412 
0.5502751375687843 0.7079910083415387 
0.5507753876938469 0.7044664941321526 
0.5512756378189094 0.7009251197511297 
0.5517758879439719 0.6973673246288508 
0.5522761380690345 0.6937935484063489 
0.552776388194097 0.6902042308464419 
0.5532766383191595 0.6865998117452999 
0.5537768884442221 0.6829807308444461 
0.5542771385692846 0.6793474277432568 
0.5547773886943471 0.675700341811946 
0.5552776388194096 0.6720399121050852 
0.5557778889444722 0.6683665772756595 
0.5562781390695347 0.6646807754897017 
0.5567783891945972 0.6609829443415202 
0.5572786393196598 0.6572735207695306 
0.5577788894447223 0.6535529409727351 
0.5582791395697848 0.6498216403278546 
0.5587793896948474 0.6460800533071369 
0.5592796398199099 0.6423286133968683 
0.5597798899449724 0.6385677530166073 
0.560280140070035 0.634797903439149 
0.5607803901950975 0.6310194947112558 
0.56128064032016 0.6272329555751713 
0.5617808904452226 0.6234387133909138 
0.5622811405702851 0.6196371940594089 
0.5627813906953476 0.6158288219464394 
0.5632816408204102 0.6120140198074502 
0.5637818909454727 0.6081932087132257 
0.5642821410705352 0.6043668079764535 
0.5647823911955978 0.600535235079181 
0.5652826413206603 0.5966989056012011 
0.5657828914457228 0.5928582331493678 
0.5662831415707853 0.5890136292878543 
0.5667833916958479 0.5851655034693863 
0.5672836418209104 0.5813142629674387 
0.5677838919459729 0.5774603128094425 
0.5682841420710355 0.5736040557109751 
0.568784392196098 0.5697458920109868 
0.5692846423211605 0.5658862196080484 
0.5697848924462231 0.5620254338976427 
0.5702851425712856 0.5581639277105118 
0.5707853926963481 0.5543020912520726 
0.5712856428214107 0.5504403120428989 
0.5717858929464732 0.5465789748603 
0.5722861430715357 0.5427184616809926 
0.5727863931965983 0.5388591516248762 
0.5732866433216608 0.5350014208999234 
0.5737868934467233 0.5311456427482001 
0.5742871435717859 0.527292187393003 
0.5747873936968484 0.5234414219871507 
0.5752876438219109 0.5195937105624152 
0.5757878939469735 0.5157494139800983 
0.576288144072036 0.5119088898827796 
0.5767883941970985 0.5080724926472193 
0.5772886443221611 0.5042405733384382 
0.5777888944472236 0.5004134796649647 
0.5782891445722861 0.4965915559352671 
0.5787893946973486 0.4927751430153678 
0.5792896448224112 0.4889645782876414 
0.5797898949474737 0.4851601956108056 
0.5802901450725362 0.48136232528110373 
0.5807903951975988 0.4775712939946796 
0.5812906453226613 0.4737874248111534 
0.5817908954477238 0.4700110371183923 
0.5822911455727864 0.4662424465984788 
0.5827913956978489 0.46248196519487966 
0.5832916458229114 0.458729901080818 
0.583791895947974 0.4549865586288349 
0.5842921460730365 0.4512522383815578 
0.584792396198099 0.4475272370236651 
0.5852926463231616 0.4438118473550383 
0.5857928964482241 0.440106358265118 
0.5862931465732866 0.4364110547084454 
0.5867933966983492 0.4327262176813915 
0.5872936468234117 0.4290521242000723 
0.5877938969484742 0.4253890472794503 
0.5882941470735368 0.42173725591360356 
0.5887943971985993 0.4180970150571778 
0.5892946473236618 0.4144685856080036 
0.5897948974487243 0.4108522243908739 
0.5902951475737869 0.4072481841424841 
0.5907953976988494 0.40365671349752313 
0.5912956478239119 0.4000780569759125 
0.5917958979489745 0.3965124549711789 
0.592296148074037 0.3929601437399676 
0.5927963981990995 0.38942135539267925 
0.5932966483241621 0.38589631788522005 
0.5937968984492246 0.38238525501187 
0.5942971485742871 0.37888838639925077 
0.5947973986993497 0.37540592750138435 
0.5952976488244122 0.37193808959584035 
0.5957978989494747 0.36848507978096445 
0.5962981490745373 0.3650471009741612 
0.5967983991995998 0.36162435191124515 
0.5972986493246623 0.35821702714683906 
0.5977988994497249 0.35482531705580217 
0.5982991495747874 0.35144940783569234 
0.5987993996998499 0.34808948151024294 
0.5992996498249125 0.3447457159338438 
0.599799899949975 0.34141828479701564 
0.6003001500750375 0.33810735763287536 
0.6008004002001001 0.3348130998245586 
0.6013006503251626 0.3315356726136142 
0.601800900450225 0.32827523310934403 
0.6023011505752875 0.32503193429906846 
0.6028014007003502 0.3218059250593282 
0.6033016508254126 0.31859735016798435 
0.6038019009504751 0.3154063503172278 
0.6043021510755378 0.3122330621274572 
0.6048024012006002 0.30907761816204216 
0.6053026513256627 0.3059401469429372 
0.6058029014507254 0.3028207729671387 
0.6063031515757878 0.2997196167239747 
0.6068034017008503 0.29663679471321336 
0.607303651825913 0.29357241946396573 
0.6078039019509754 0.2905265995543844 
0.6083041520760379 0.2874994396321378 
0.6088044022011005 0.28449104043563245 
0.609304652326163 0.2815014988159938 
0.6098049024512255 0.2785309077597714 
0.6103051525762881 0.275579356412359 
0.6108054027013506 0.2726469301021185 
0.6113056528264131 0.26973371036519095 
0.6118059029514757 0.2668397749709758 
0.6123061530765382 0.26396519794826695 
0.6128064032016007 0.26111004961203665 
0.6133066533266633 0.2582743965908352 
0.6138069034517258 0.2554583018548091 
0.6143071535767883 0.2526618247443142 
0.6148074037018508 0.24988502099910767 
0.6153076538269134 0.24712794278810626 
0.6158079039519759 0.2443906387396924 
0.6163081540770384 0.24167315397256334 
0.616808404202101 0.2389755301270855 
0.6173086543271635 0.23629780539716638 
0.617808904452226 0.23364001456261074 
0.6183091545772886 0.2310021890219442 
0.6188094047023511 0.22838435682570438 
0.6193096548274136 0.22578654271017007 
0.6198099049524762 0.22320876813151744 
0.6203101550775387 0.22065105130038962 
0.6208104052026012 0.21811340721686556 
0.6213106553276638 0.21559584770580661 
0.6218109054527263 0.21309838145257207 
0.6223111555777888 0.21062101403908995 
0.6228114057028514 0.20816374798025583 
0.6233116558279139 0.20572658276066322 
0.6238119059529764 0.20330951487163612 
0.624312156078039 0.20091253784855165 
0.6248124062031015 0.19853564230844667 
0.625312656328164 0.19617881598787995 
0.6258129064532265 0.19384204378104875 
0.6263131565782891 0.1915253077781349 
0.6268134067033516 0.1892285873038727 
0.6273136568284141 0.1869518589563224 
0.6278139069534767 0.1846950966458334 
0.6283141570785392 0.18245827163418268 
0.6288144072036017 0.18024135257388413 
0.6293146573286643 0.178044305547637 
0.6298149074537268 0.1758670941079166 
0.6303151575787893 0.17370967931668735 
0.6308154077038519 0.17157201978521952 
0.6313156578289144 0.16945407171400712 
0.6318159079539769 0.16735578893276537 
0.6323161580790395 0.165277122940497 
0.632816408204102 0.16321802294561535 
0.6333166583291645 0.16117843590611464 
0.6338169084542271 0.15915830656976535 
0.6343171585792896 0.1571575775143316 
0.6348174087043521 0.15517618918779855 
0.6353176588294147 0.15321407994858607 
0.6358179089544772 0.15127118610575296 
0.6363181590795397 0.149347441959168 
0.6368184092046023 0.1474427798396397 
0.6373186593296648 0.14555713014899585 
0.6378189094547273 0.14369042140009844 
0.6383191595797898 0.1418425802567858 
0.6388194097048524 0.14001353157372498 
0.6393196598299149 0.1382031984361729 
0.6398199099549774 0.13641150219962853 
0.64032016008004 0.1346383625293678 
0.6408204102051025 0.13288369743985165 
0.641320660330165 0.13114742333399726 
0.6418209104552276 0.12942945504230224 
0.6423211605802901 0.1277297058618103 
0.6428214107053526 0.12604808759491565 
0.6433216608304152 0.12438451058798518 
0.6438219109554777 0.12273888376980263 
0.6443221610805402 0.12111111468981733 
0.6448224112056028 0.11950110955618784 
0.6453226613306653 0.11790877327362227 
0.6458229114557278 0.11633400948099265 
0.6463231615807904 0.11477672058872886 
0.6468234117058529 0.11323680781597195 
0.6473236618309154 0.11171417122749333 
0.647823911955978 0.11020870977035413 
0.6483241620810405 0.10872032131031557 
0.648824412206103 0.10724890266798447 
0.6493246623311655 0.10579434965468164 
0.6498249124562281 0.10435655710803989 
0.6503251625812906 0.10293541892731316 
0.6508254127063531 0.10153082810839853 
0.6513256628314157 0.10014267677855729 
0.6518259129564782 0.0987708562308377 
0.6523261630815407 0.09741525695818737 
0.6528264132066033 0.09607576868725039 
0.6533266633316658 0.09475228041184952 
0.6538269134567283 0.09344468042613933 
0.6543271635817909 0.09215285635743296 
0.6548274137068534 0.09087669519869304 
0.6553276638319159 0.08961608334068671 
0.6558279139569785 0.08837090660379235 
0.656328164082041 0.08714105026946543 
0.6568284142071035 0.08592639911134836 
0.6573286643321661 0.08472683742602617 
0.6578289144572286 0.08354224906342464 
0.6583291645822911 0.08237251745684497 
0.6588294147073537 0.08121752565263342 
0.6593296648324162 0.08007715633948093 
0.6598299149574787 0.07895129187735334 
0.6603301650825413 0.07783981432604599 
0.6608304152076038 0.07674260547335851 
0.6613306653326663 0.07565954686289669 
0.6618309154577288 0.07459051982148586 
0.6623311655827914 0.07353540548620434 
0.6628314157078539 0.07249408483102927 
0.6633316658329164 0.07146643869309866 
0.663831915957979 0.07045234779857844 
0.6643321660830415 0.06945169278814203 
0.664832416208104 0.06846435424206233 
0.6653326663331666 0.06749021270490187 
0.6658329164582291 0.06652914870981697 
0.6663331665832916 0.06558104280246387 
0.6668334167083542 0.06464577556450939 
0.6673336668334167 0.06372322763674695 
0.6678339169584792 0.0628132797418162 
0.6683341670835418 0.06191581270652541 
0.6688344172086043 0.06103070748377821 
0.6693346673336668 0.06015784517410449 
0.6698349174587294 0.05929710704679219 
0.6703351675837919 0.058448374560628236 
0.6708354177088544 0.057611529384239656 
0.671335667833917 0.05678645341604097 
0.6718359179589795 0.05597302880378942 
0.672336168084042 0.055171137963745044 
0.6728364182091046 0.05438066359943823 
0.673336668334167 0.05360148872004776 
0.6738369184592296 0.05283349665838815 
0.674337168584292 0.052076571088507 
0.6748374187093547 0.051330596042897844 
0.6753376688344171 0.05059545592932452 
0.6758379189594796 0.049871035547264166 
0.6763381690845423 0.04915722010396511 
0.6768384192096047 0.048453895230126186 
0.6773386693346672 0.04776094699519937 
0.6778389194597298 0.04707826192231018 
0.6783391695847923 0.04640572700281013 
0.6788394197098548 0.04574322971045485 
0.6793396698349174 0.045090658015210776 
0.6798399199599799 0.04444790039669621 
0.6803401700850424 0.04381484585725925 
0.680840420210105 0.04319138393468994 
0.6813406703351675 0.042577404714575585 
0.68184092046023 0.04197279884229877 
0.6823411705852926 0.04137745753468049 
0.6828414207103551 0.040791272591272985 
0.6833416708354176 0.04021413640530634 
0.6838419209604802 0.03964594197428437 
0.6843421710855427 0.03908658291024606 
0.6848424212106052 0.0385359534496822 
0.6853426713356677 0.037993948463119424 
0.6858429214607303 0.037460463464370264 
0.6863431715857928 0.036935394619456725 
0.6868434217108553 0.036418638755204895 
0.6873436718359179 0.03591009336751971 
0.6878439219609804 0.03540965662934141 
0.6883441720860429 0.0349172273982829 
0.6888444222111055 0.034432705223962294 
0.689344672336168 0.0339559903550199 
0.6898449224612305 0.03348698374583681 
0.6903451725862931 0.03302558706295041 
0.6908454227113556 0.032571702691171114 
0.6913456728364181 0.03212523373941093 
0.6918459229614807 0.03168608404621715 
0.6923461730865432 0.03125415818502428 
0.6928464232116057 0.030829361469122886 
0.6933466733366683 0.030411599956350368 
0.6938469234617308 0.030000780453508142 
0.6943471735867933 0.02959681052050929 
0.6948474237118559 0.02919959847425859 
0.6953476738369184 0.02880905339227244 
0.6958479239619809 0.028425085116039556 
0.6963481740870435 0.028047604254125873 
0.696848424212106 0.02767652218503359 
0.6973486743371685 0.027311751059808573 
0.697848924462231 0.02695320380440997 
0.6983491745872936 0.026600794121839116 
0.6988494247123561 0.02625443649403552 
0.6993496748374186 0.025914046183542195 
0.6998499249624812 0.02557953923494375 
0.7003501750875437 0.025250832476085477 
0.7008504252126062 0.024927843519070784 
0.7013506753376688 0.024610490761046953 
0.7018509254627313 0.024298693384779715 
0.7023511755877938 0.023992371359021884 
0.7028514257128564 0.023691445438681187 
0.7033516758379189 0.023395837164786788 
0.7038519259629814 0.02310546886426654 
0.704352176088044 0.02282026364952936 
0.7048524262131065 0.022540145417863713 
0.705352676338169 0.02226503885065417 
0.7058529264632316 0.021994869412419692 
0.7063531765882941 0.02172956334967367 
0.7068534267133566 0.021469047689620806 
0.7073536768384192 0.02121325023867966 
0.7078539269634817 0.020962099580846733 
0.7083541770885442 0.020715525075901124 
0.7088544272136067 0.02047345685745157 
0.7093546773386693 0.020235825830835816 
0.7098549274637318 0.02000256367086747 
0.7103551775887943 0.01977360281944401 
0.7108554277138569 0.01954887648301082 
0.7113556778389194 0.019328318629888236 
0.7118559279639819 0.01911186398747059 
0.7123561780890445 0.018899448039287326 
0.712856428214107 0.0186910070219484 
0.7133566783391695 0.01848647792195861 
0.7138569284642321 0.01828579847241734 
0.7143571785892946 0.018088907149603674 
0.7148574287143571 0.01789574316944741 
0.7153576788394197 0.01770624648389254 
0.7158579289644822 0.017520357777155764 
0.7163581790895447 0.017338018461883986 
0.7168584292146073 0.01715917067521136 
0.7173586793396698 0.016983757274723798 
0.7178589294647323 0.01681172183432971 
0.7183591795897949 0.016643008640042204 
0.7188594297148574 0.016477562685676576 
0.7193596798399199 0.016315329668465415 
0.7198599299649825 0.016156255984592888 
0.720360180090045 0.0160002887246542 
0.7208604302151075 0.015847375669041354 
0.72136068034017 0.015697465283258317 
0.7218609304652326 0.015550506713169371 
0.7223611805902951 0.01540644978018104 
0.7228614307153576 0.015265244976366103 
0.7233616808404202 0.015126843459524114 
0.7238619309654827 0.01499119704819013 
0.7243621810905452 0.014858258216586307 
0.7248624312156078 0.014727980089524948 
0.7253626813406703 0.014600316437263951 
0.7258629314657328 0.014475221670314353 
0.7263631815907954 0.014352650834206537 
0.7268634317158579 0.014232559604217454 
0.7273636818409204 0.01411490428005544 
0.727863931965983 0.013999641780514447 
0.7283641820910455 0.013886729638092433 
0.728864432216108 0.013776125993579236 
0.7293646823411706 0.01366778959061566 
0.7298649324662331 0.013561679770227496 
0.7303651825912956 0.013457756465335194 
0.7308654327163582 0.013355980195239356 
0.7313656828414207 0.013256312060091736 
0.7318659329664832 0.013158713735340886 
0.7323661830915458 0.013063147466170792 
0.7328664332166083 0.012969576061918855 
0.7333666833416708 0.012877962890486934 
0.7338669334667333 0.012788271872739832 
0.7343671835917959 0.012700467476896767 
0.7348674337168584 0.012614514712919278 
0.7353676838419209 0.012530379126890064 
0.7358679339669835 0.01244802679539372 
0.736368184092046 0.0123674243198958 
0.7368684342171085 0.012288538821121197 
0.7373686843421711 0.012211337933437282 
0.7378689344672336 0.01213578979923994 
0.7383691845922961 0.012061863063345876 
0.7388694347173587 0.01198952686739297 
0.7393696848424212 0.011918750844248528 
0.7398699349674837 0.011849505112427501 
0.7403701850925463 0.01178176027052346 
0.7408704352176088 0.011715487391653533 
0.7413706853426713 0.011650658017913812 
0.7418709354677339 0.011587244154856116 
0.7423711855927964 0.01152521826597639 
0.7428714357178589 0.011464553267225093 
0.7433716858429215 0.011405222521534822 
0.743871935967984 0.011347199833371137 
0.7443721860930465 0.011290459443300536 
0.744872436218109 0.01123497602258553 
0.7453726863431716 0.011180724667802018 
0.745872936468234 0.011127680895481594 
0.7463731865932965 0.011075820636779752 
0.7468734367183592 0.01102512023216883 
0.7473736868434216 0.010975556426163543 
0.7478739369684841 0.01092710636206983 
0.7483741870935467 0.01087974757676723 
0.7488744372186092 0.01083345799551922 
0.7493746873436717 0.010788215926815068 
0.7498749374687343 0.010744000057243672 
0.7503751875937968 0.0107007894464009 
0.7508754377188593 0.010658563521829924 
0.751375687843922 0.010617302073993936 
0.7518759379689844 0.010576985251285009 
0.7523761880940469 0.010537593555068359 
0.7528764382191095 0.010499107834761823 
0.753376688344172 0.010461509282952334 
0.7538769384692345 0.010424779430548075 
0.7543771885942971 0.010388900141971047 
0.7548774387193596 0.010353853610382371 
0.7553776888444221 0.010319622352953858 
0.7558779389694847 0.010286189206168684 
0.7563781890945472 0.010253537321171633 
0.7568784392196097 0.010221650159149583 
0.7573786893446722 0.010190511486759665 
0.7578789394697348 0.010160105371592969 
0.7583791895947973 0.010130416177680951 
0.7588794397198598 0.010101428561042205 
0.7593796898449224 0.010073127465271725 
0.7598799399699849 0.010045498117168521 
0.7603801900950474 0.010018526022410577 
0.76088044022011 0.00999219696126515 
0.7613806903451725 0.00996649698434706 
0.761880940470235 0.00994141240841552 
0.7623811905952976 0.009916929812215057 
0.7628814407203601 0.009893036032359194 
0.7633816908454226 0.009869718159255624 
0.7638819409704852 0.009846963533077067 
0.7643821910955477 0.009824759739771025 
0.7648824412206102 0.009803094607115878 
0.7653826913456728 0.009781956200818443 
0.7658829414707353 0.009761332820655031 
0.7663831915957978 0.00974121299665678 
0.7668834417208604 0.00972158548533563 
0.7673836918459229 0.009702439265955013 
0.7678839419709854 0.009683763536843666 
0.7683841920960479 0.009665547711752015 
0.7688844422211105 0.00964778141625255 
0.769384692346173 0.00963045448418066 
0.7698849424712355 0.009613556954120734 
0.7703851925962981 0.009597079065934442 
0.7708854427213606 0.009581011257331826 
0.7713856928464231 0.009565344160482577 
0.7718859429714857 0.009550068598673777 
0.7723861930965482 0.00953517558300563 
0.7728864432216107 0.009520656309133829 
0.7733866933466733 0.009506502154048583 
0.7738869434717358 0.009492704672900303 
0.7743871935967983 0.009479255595863243 
0.7748874437218609 0.00946614682504317 
0.7753876938469234 0.009453370431423998 
0.7758879439719859 0.009440918651857356 
0.7763881940970485 0.00942878388609206 
0.776888444222111 0.009416958693841676 
0.7773886943471735 0.009405435791898707 
0.7778889444722361 0.00939420805128156 
0.7783891945972986 0.009383268494425162 
0.7788894447223611 0.009372610292411801 
0.7793896948474237 0.00936222676224016 
0.7798899449724862 0.009352111364130323 
0.7803901950975487 0.009342257698873846 
0.7808904452226112 0.009332659505216293 
0.7813906953476738 0.009323310657281921 
0.7818909454727363 0.009314205162034702 
0.7823911955977988 0.009305337156775716 
0.7828914457228614 0.009296700906680437 
0.7833916958479239 0.009288290802370744 
0.7838919459729864 0.009280101357525647 
0.784392196098049 0.00927212720652645 
0.7848924462231115 0.009264363102137895 
0.785392696348174 0.009256803913227212 
0.7858929464732366 0.009249444622516 
0.7863931965982991 0.009242280324370541 
0.7868934467233616 0.009235306222621044 
0.7873936968484242 0.009228517628421378 
0.7878939469734867 0.009221909958139813 
0.7883941970985492 0.00921547873128382 
0.7888944472236118 0.009209219568458797 
0.7893946973486743 0.009203128189358334 
0.7898949474737368 0.00919720041078926 
0.7903951975987994 0.00919143214472764 
0.7908954477238619 0.009185819396407656 
0.7913956978489244 0.009180358262440368 
0.791895947973987 0.009175044928967518 
0.7923961980990495 0.009169875669839855 
0.792896448224112 0.009164846844833712 
0.7933966983491745 0.00915995489789326 
0.7938969484742371 0.009155196355401555 
0.7943971985992996 0.00915056782448519 
0.7948974487243621 0.009146065991345643 
0.7953976988494247 0.009141687619618465 
0.7958979489744872 0.009137429548764392 
0.7963981990995497 0.009133288692485345 
0.7968984492246123 0.00912926203716875 
0.7973986993496748 0.009125346640362752 
0.7978989494747373 0.009121539629271971 
0.7983991995997999 0.009117838199286 
0.7988994497248624 0.009114239612531907 
0.7993996998499249 0.009110741196453415 
0.7998999499749875 0.009107340342412939 
0.80040020010005 0.009104034504324158 
0.8009004502251125 0.009100821197304886 
0.8014007003501751 0.009097697996357373 
0.8019009504752376 0.00909466253507265 
0.8024012006003001 0.009091712504356333 
0.8029014507253627 0.009088845651182136 
0.8034017008504252 0.00908605977736523 
0.8039019509754877 0.009083352738360808 
0.8044022011005502 0.009080722442084693 
0.8049024512256128 0.009078166847755068 
0.8054027013506753 0.009075683964757901 
0.8059029514757378 0.00907327185153313 
0.8064032016008004 0.009070928614483952 
0.8069034517258629 0.009068652406902937 
0.8074037018509254 0.009066441427923932 
0.807903951975988 0.009064293921491074 
0.8084042021010505 0.00906220817534897 
0.808904452226113 0.009060182520053387 
0.8094047023511756 0.009058215327999733 
0.8099049524762381 0.009056305012471495 
0.8104052026013006 0.009054450026708263 
0.8109054527263632 0.009052648862992273 
0.8114057028514257 0.009050900051751737 
0.8119059529764882 0.009049202160682984 
0.8124062031015508 0.009047553793891557 
0.8129064532266133 0.009045953591048358 
0.8134067033516758 0.009044400226566399 
0.8139069534767384 0.00904289240878831 
0.8144072036018009 0.009041428879199082 
0.8149074537268634 0.00904000841164594 
0.815407703851926 0.00903862981158144 
0.8159079539769885 0.009037291915318591 
0.816408204102051 0.009035993589301884 
0.8169084542271134 0.009034733729393712 
0.817408704352176 0.009033511260178208 
0.8179089544772385 0.009032325134274096 
0.818409204602301 0.0090311743316677 
0.8189094547273637 0.009030057859058952 
0.8194097048524261 0.009028974749215993 
0.8199099549774886 0.009027924060352464 
0.8204102051025512 0.009026904875510975 
0.8209104552276137 0.009025916301961381 
0.8214107053526762 0.009024957470615352 
0.8219109554777388 0.009024027535450048 
0.8224112056028013 0.009023125672944783 
0.8229114557278638 0.009022251081531603 
0.8234117058529264 0.009021402981056373 
0.8239119559779889 0.009020580612252374 
0.8244122061030514 0.009019783236226198 
0.824912456228114 0.009019010133951956 
0.8254127063531765 0.00901826060578153 
0.825912956478239 0.009017533970961363 
0.8264132066033016 0.009016829567161789 
0.8269134567283641 0.009016146750018255 
0.8274137068534266 0.009015484892680344 
0.8279139569784892 0.009014843385371583 
0.8284142071035517 0.009014221634960297 
0.8289144572286142 0.009013619064541645 
0.8294147073536767 0.009013035113023572 
0.8299149574787393 0.009012469234727141 
0.8304152076038018 0.00901192089899666 
0.8309154577288643 0.009011389589813915 
0.8314157078539269 0.009010874805425267 
0.8319159579789894 0.00901037605797759 
0.8324162081040519 0.009009892873158851 
0.8329164582291145 0.009009424789850918 
0.833416708354177 0.00900897135979013 
0.8339169584792395 0.009008532147232523 
0.8344172086043021 0.009008106728630937 
0.8349174587293646 0.009007694692315946 
0.8354177088544271 0.00900729563819004 
0.8359179589794897 0.00900690917742185 
0.8364182091045522 0.009006534932151988 
0.8369184592296147 0.00900617253520602 
0.8374187093546773 0.009005821629813057 
0.8379189594797398 0.009005481869330641 
0.8384192096048023 0.009005152916977795 
0.8389194597298649 0.009004834445573859 
0.8394197098549274 0.009004526137282143 
0.8399199599799899 0.00900422768336335 
0.8404202101050524 0.009003938783931336 
0.840920460230115 0.00900365914771637 
0.8414207103551775 0.009003388491833988 
0.84192096048024 0.009003126541561896 
0.8424212106053026 0.009002873030116662 
0.8429214607303651 0.009002627698441807 
0.8434217108554276 0.009002390294997782 
0.8439219609804902 0.00900216057555904 
0.8444222111055527 0.00900193830301474 
0.8449224612306152 0.0090017232471736 
0.8454227113556778 0.009001515184577745 
0.8459229614807403 0.009001313898316182 
0.8464232116058028 0.009001119177845702 
0.8469234617308654 0.009000930818817358 
0.8474237118559279 0.00900074862290342 
0.8479239619809904 0.009000572397632524 
0.848424212106053 0.00900040195622786 
0.8489244622311155 0.009000237117448791 
0.849424712356178 0.009000077705436605 
0.8499249624812406 0.008999923549564836 
0.8504252126063031 0.008999774484294457 
0.8509254627313656 0.008999630349029546 
0.8514257128564282 0.008999490987979385 
0.8519259629814907 0.008999356250024878 
0.8524262131065532 0.008999225988584618 
0.8529264632316157 0.008999100061488423 
0.8534267133566783 0.008998978330852492 
0.8539269634817408 0.008998860662956893 
0.8544272136068033 0.008998746928128788 
0.8549274637318659 0.008998637000625927 
0.8554277138569284 0.008998530758525256 
0.8559279639819909 0.008998428083614056 
0.8564282141070535 0.008998328861281683 
0.856928464232116 0.008998232980419891 
0.8574287143571785 0.008998140333317703 
0.8579289644822411 0.00899805081556719 
0.8584292146073036 0.008997964325965538 
0.8589294647323661 0.008997880766424568 
0.8594297148574287 0.008997800041877148 
0.8599299649824912 0.008997722060193263 
0.8604302151075537 0.008997646732091436 
0.8609304652326163 0.008997573971056431 
0.8614307153576788 0.008997503693259797 
0.8619309654827413 0.008997435817479199 
0.8624312156078039 0.008997370265022292 
0.8629314657328664 0.00899730695965384 
0.8634317158579289 0.008997245827520877 
0.8639319659829914 0.008997186797084455 
0.864432216108054 0.008997129799049009 
0.8649324662331165 0.008997074766298366 
0.865432716358179 0.008997021633829035 
0.8659329664832416 0.008996970338687352 
0.8664332166083041 0.00899692081990983 
0.8669334667333666 0.008996873018461794 
0.8674337168584292 0.008996826877180968 
0.8679339669834917 0.00899678234072074 
0.8684342171085542 0.00899673935549561 
0.8689344672336168 0.008996697869627306 
0.8694347173586793 0.008996657832895131 
0.8699349674837418 0.008996619196684381 
0.8704352176088044 0.008996581913936949 
0.8709354677338669 0.008996545939106364 
0.8714357178589294 0.008996511228109998 
0.871935967983992 0.008996477738284896 
0.8724362181090545 0.008996445428344366 
0.872936468234117 0.008996414258335852 
0.8734367183591796 0.00899638418960084 
0.8739369684842421 0.008996355184733289 
0.8744372186093046 0.008996327207542738 
0.8749374687343672 0.008996300223016205 
0.8754377188594297 0.008996274197281317 
0.8759379689844922 0.008996249097572217 
0.8764382191095547 0.008996224892194156 
0.8769384692346173 0.00899620155049043 
0.8774387193596798 0.008996179042810177 
0.8779389694847423 0.008996157340477139 
0.8784392196098049 0.008996136415759779 
0.8789394697348674 0.008996116241839564 
0.8794397198599299 0.008996096792784233 
0.8799399699849925 0.008996078043520976 
0.880440220110055 0.00899605996980564 
0.8809404702351175 0.008996042548200226 
0.8814407203601801 0.00899602575604584 
0.8819409704852426 0.008996009571437574 
0.882441220610305 0.008995993973201569 
0.8829414707353677 0.008995978940871691 
0.8834417208604302 0.008995964454666893 
0.8839419709854927 0.008995950495467931 
0.8844422211105553 0.008995937044799632 
0.8849424712356178 0.008995924084806258 
0.8854427213606803 0.008995911598234256 
0.8859429714857429 0.008995899568412348 
0.8864432216108054 0.008995887979232266 
0.8869434717358678 0.008995876815131833 
0.8874437218609305 0.00899586606107484 
0.887943971985993 0.008995855702537447 
0.8884442221110554 0.008995845725488527 
0.8889444722361179 0.008995836116375463 
0.8894447223611806 0.008995826862108494 
0.889944972486243 0.008995817950044031 
0.8904452226113055 0.008995809367972146 
0.8909454727363681 0.00899580110410143 
0.8914457228614306 0.008995793147045026 
0.8919459729864931 0.008995785485807973 
0.8924462231115557 0.008995778109773383 
0.8929464732366182 0.008995771008692009 
0.8934467233616807 0.008995764172667217 
0.8939469734867433 0.008995757592145723 
0.8944472236118058 0.008995751257905596 
0.8949474737368683 0.008995745161043926 
0.8954477238619309 0.008995739292968662 
0.8959479739869934 0.008995733645386387 
0.8964482241120559 0.008995728210292413 
0.8969484742371185 0.008995722979962916 
0.897448724362181 0.008995717946942787 
0.8979489744872435 0.008995713104039472 
0.8984492246123061 0.008995708444312123 
0.8989494747373686 0.008995703961063731 
0.8994497248624311 0.008995699647833918 
0.8999499749874936 0.00899569549838844 
0.9004502251125562 0.008995691506714906 
0.9009504752376187 0.008995687667012267 
0.9014507253626812 0.008995683973686237 
0.9019509754877438 0.008995680421339193 
0.9024512256128063 0.008995677004766686 
0.9029514757378688 0.008995673718949151 
0.9034517258629314 0.008995670559044999 
0.9039519759879939 0.008995667520386734 
0.9044522261130564 0.008995664598472805 
0.904952476238119 0.008995661788962618 
0.9054527263631815 0.008995659087671772 
0.905952976488244 0.00899565649056595 
0.9064532266133066 0.008995653993756018 
0.9069534767383691 0.008995651593491793 
0.9074537268634316 0.008995649286159533 
0.9079539769884942 0.008995647068275762 
0.9084542271135567 0.00899564493648236 
0.9089544772386192 0.008995642887544118 
0.9094547273636818 0.008995640918341137 
0.9099549774887443 0.008995639025869017 
0.9104552276138068 0.008995637207231136 
0.9109554777388694 0.008995635459637429 
0.9114557278639319 0.008995633780398834 
0.9119559779889944 0.00899563216692478 
0.9124562281140569 0.00899563061672004 
0.9129564782391195 0.008995629127379516 
0.913456728364182 0.008995627696588081 
0.9139569784892445 0.008995626322114456 
0.9144572286143071 0.008995625001809738 
0.9149574787393696 0.008995623733604564 
0.9154577288644321 0.008995622515505583 
0.9159579789894947 0.008995621345593473 
0.9164582291145572 0.008995620222019586 
0.9169584792396197 0.008995619143004247 
0.9174587293646823 0.008995618106833376 
0.9179589794897448 0.008995617111856974 
0.9184592296148073 0.008995616156486072 
0.9189594797398699 0.00899561523919168 
0.9194597298649324 0.008995614358501217 
0.9199599799899949 0.008995613512997535 
0.9204602301150575 0.008995612701316092 
0.92096048024012 0.008995611922143983 
0.9214607303651825 0.008995611174217738 
0.9219609804902451 0.008995610456320814 
0.9224612306153076 0.008995609767282904 
0.9229614807403701 0.008995609105977567 
0.9234617308654326 0.008995608471321456 
0.9239619809904952 0.00899560786227158 
0.9244622311155577 0.008995607277824693 
0.9249624812406202 0.008995606717015542 
0.9254627313656828 0.008995606178915285 
0.9259629814907453 0.00899560566263131 
0.9264632316158078 0.008995605167304164 
0.9269634817408704 0.008995604692107336 
0.9274637318659329 0.008995604236245859 
0.9279639819909954 0.008995603798955332 
0.928464232116058 0.008995603379501001 
0.9289644822411205 0.008995602977175384 
0.929464732366183 0.008995602591298875 
0.9299649824912456 0.00899560222121752 
0.9304652326163081 0.008995601866303103 
0.9309654827413706 0.008995601525951488 
0.9314657328664332 0.008995601199581609 
0.9319659829914957 0.008995600886635058 
0.9324662331165582 0.008995600586574715 
0.9329664832416208 0.008995600298885083 
0.9334667333666833 0.008995600023069853 
0.9339669834917458 0.008995599758652599 
0.9344672336168084 0.008995599505175327 
0.9349674837418709 0.008995599262197496 
0.9354677338669334 0.008995599029296348 
0.9359679839919959 0.008995598806065324 
0.9364682341170585 0.008995598592114263 
0.936968484242121 0.008995598387066983 
0.9374687343671835 0.008995598190563635 
0.9379689844922461 0.008995598002257778 
0.9384692346173086 0.008995597821816883 
0.9389694847423711 0.008995597648921008 
0.9394697348674337 0.008995597483263871 
0.9399699849924962 0.008995597324549957 
0.9404702351175587 0.008995597172496145 
0.9409704852426213 0.008995597026830754 
0.9414707353676838 0.008995596887292833 
0.9419709854927463 0.008995596753631898 
0.9424712356178089 0.008995596625606206 
0.9429714857428714 0.008995596502985119 
0.9434717358679339 0.008995596385546992 
0.9439719859929965 0.00899559627307841 
0.944472236118059 0.008995596165374911 
0.9449724862431215 0.008995596062239675 
0.9454727363681841 0.008995595963484976 
0.9459729864932466 0.008995595868929177 
0.9464732366183091 0.008995595778399411 
0.9469734867433717 0.00899559569172841 
0.9474737368684342 0.008995595608756263 
0.9479739869934967 0.00899559552932972 
0.9484742371185592 0.008995595453301256 
0.9489744872436218 0.008995595380530087 
0.9494747373686843 0.00899559531087977 
0.9499749874937468 0.008995595244220526 
0.9504752376188094 0.008995595180427422 
0.9509754877438719 0.00899559511938112 
0.9514757378689344 0.008995595060966725 
0.951975987993997 0.008995595005073208 
0.9524762381190595 0.008995594951595586 
0.952976488244122 0.008995594900431973 
0.9534767383691846 0.008995594851485366 
0.9539769884942471 0.008995594804662374 
0.9544772386193096 0.00899559475987369 
0.9549774887443722 0.008995594717033347 
0.9554777388694347 0.00899559467605899 
0.9559779889944972 0.00899559463687123 
0.9564782391195598 0.00899559459939529 
0.9569784892446223 0.008995594563558066 
0.9574787393696848 0.008995594529289625 
0.9579789894947474 0.008995594496524033 
0.9584792396198099 0.008995594465196695 
0.9589794897448723 0.008995594435246472 
0.9594797398699348 0.008995594406614672 
0.9599799899949975 0.008995594379244826 
0.96048024012006 0.008995594353082451 
0.9609804902451224 0.008995594328076105 
0.961480740370185 0.00899559430417608 
0.9619809904952475 0.008995594281334906 
0.96248124062031 0.008995594259506575 
0.9629814907453726 0.008995594238647188 
0.9634817408704351 0.008995594218715323 
0.9639819909954976 0.008995594199670822 
0.9644822411205602 0.008995594181474904 
0.9649824912456227 0.008995594164090433 
0.9654827413706852 0.008995594147481498 
0.9659829914957478 0.008995594131615409 
0.9664832416208103 0.008995594116459178 
0.9669834917458728 0.008995594101981624 
0.9674837418709354 0.008995594088152654 
0.9679839919959979 0.00899559407494337 
0.9684842421210604 0.008995594062327032 
0.968984492246123 0.008995594050277394 
0.9694847423711855 0.0089955940387688 
0.969984992496248 0.008995594027777075 
0.9704852426213106 0.008995594017279512 
0.9709854927463731 0.008995594007253815 
0.9714857428714356 0.00899559399767884 
0.9719859929964981 0.008995593988533905 
0.9724862431215607 0.008995593979799913 
0.9729864932466232 0.008995593971457855 
0.9734867433716857 0.008995593963490462 
0.9739869934967483 0.008995593955880114 
0.9744872436218108 0.00899559394861044 
0.9749874937468733 0.008995593941665565 
0.9754877438719359 0.008995593935031342 
0.9759879939969984 0.008995593928691693 
0.9764882441220609 0.008995593922634356 
0.9769884942471235 0.008995593916845368 
0.977488744372186 0.008995593911312862 
0.9779889944972485 0.008995593906023308 
0.9784892446223111 0.008995593900966325 
0.9789894947473736 0.00899559389612977 
0.9794897448724361 0.008995593891504602 
0.9799899949974987 0.008995593887078997 
0.9804902451225612 0.008995593882843492 
0.9809904952476237 0.008995593878789659 
0.9814907453726863 0.008995593874907086 
0.9819909954977488 0.008995593871188775 
0.9824912456228113 0.008995593867626028 
0.9829914957478738 0.00899559386420986 
0.9834917458729364 0.00899559386093341 
0.9839919959979989 0.008995593857790318 
0.9844922461230614 0.008995593854772976 
0.984992496248124 0.008995593851874473 
0.9854927463731865 0.008995593849088813 
0.985992996498249 0.008995593846409798 
0.9864932466233116 0.00899559384383142 
0.9869934967483741 0.008995593841348924 
0.9874937468734366 0.008995593838955474 
0.9879939969984992 0.008995593836647227 
0.9884942471235617 0.008995593834418256 
0.9889944972486242 0.008995593832265102 
0.9894947473736868 0.008995593830181968 
0.9899949974987493 0.008995593828164969 
0.9904952476238118 0.00899559382620975 
0.9909954977488744 0.008995593824312342 
0.9914957478739369 0.008995593822468688 
0.9919959979989994 0.00899559382067545 
0.992496248124062 0.008995593818928095 
0.9929964982491245 0.008995593817223816 
0.993496748374187 0.008995593815558691 
0.9939969984992496 0.008995593813930398 
0.9944972486243121 0.008995593812334116 
0.9949974987493746 0.00899559381076807 
0.9954977488744371 0.008995593809228597 
0.9959979989994997 0.008995593807712516 
0.9964982491245622 0.008995593806217183 
0.9969984992496247 0.008995593804740033 
0.9974987493746873 0.008995593803277776 
0.9979989994997498 0.008995593801828147 
0.9984992496248123 0.008995593800387208 
0.9989994997498749 0.008995593798953509 
0.9994997498749374 0.008995593797523937 
1.0 0.008995593796809337 
