xdata ydata 
0.0 0.003724693026645799 
1.0 0.0036143454757567315 
2.0 0.003527098848488917 
3.0 0.003416234614919674 
4.0 0.003302906608587549 
5.0 0.0032095695929988313 
6.0 0.0031171582746724598 
7.0 0.0030366642585928022 
8.0 0.002956856187041423 
9.0 0.0028784966221593942 
10.0 0.0028050562415967463 
11.0 0.002740081877719347 
12.0 0.0026739390784966104 
13.0 0.002602860387643367 
14.0 0.002545810505111322 
15.0 0.0024909572173002726 
16.0 0.002429640370175221 
17.0 0.002371671246640502 
18.0 0.0023227843881184953 
19.0 0.002276710597923438 
